3.21535094623, 3.29265842841, 3.25629007833, 48.7044
3.19833706991, 3.3, 3.3, 49.05
3.16598297429, 3.3, 3.2118803462, 47.8431
3.22798806182, 3.16653364647, 3.19907778392, 46.9509
3.17555096236, 3.22784939823, 3.3, 48.0769
3.27946350199, 3.3, 3.18536973062, 48.7061
3.3, 3.24456513193, 3.19241043317, 48.4077
3.19976742075, 3.3, 3.3, 49.0642
3.2210598036, 3.29268693441, 3.17860334077, 47.9813
3.15180867127, 3.3, 3.3, 48.587
3.3, 3.23566555769, 3.25853824857, 48.9797
3.18135393097, 3.25244953387, 3.27264982565, 48.1145
3.27391603117, 3.1780973485, 3.19453761167, 47.4819
3.3, 3.3, 3.17437373363, 48.8
3.29939436528, 3.3, 3.14857313308, 48.5349
3.28830452486, 3.24947486505, 3.18734520581, 48.2912
3.29924404878, 3.13511621944, 3.24690419534, 47.8152
3.27777292417, 3.17894808627, 3.29516975247, 48.5397
3.29042343138, 3.14781304681, 3.3, 48.392
3.20695511164, 3.29346961791, 3.16183908027, 47.6807
3.15200722134, 3.29766575531, 3.1500855069, 47.0593
3.27697263061, 3.1997911978, 3.19488193156, 47.7402
3.21694479186, 3.23246508632, 3.20980460084, 47.6308
3.23094453085, 3.3, 3.13433237759, 47.7108
3.23461845212, 3.13066711304, 3.16301979772, 46.2837
3.19200977234, 3.11817774187, 3.17437762085, 45.8446
3.26576623576, 3.12067105273, 3.11156649712, 45.9735
3.14211673387, 3.23372038097, 3.3, 47.805
3.28298629001, 3.18309975257, 3.21872437367, 47.8668
3.2747056961, 3.08194967455, 3.12222700561, 45.769
3.23451558542, 3.27993114765, 3.19779853662, 48.176
3.24191926875, 3.24355043703, 3.20092401285, 47.9047
3.11630322182, 3.2705965784, 3.13928737539, 46.3156
3.24784307481, 3.17489695006, 3.06995401616, 45.9382
3.06364818409, 3.09199899442, 3.14319664317, 43.9834
3.16698358078, 3.24921557632, 3.15679384334, 46.7745
3.21796127699, 3.06753093107, 3.26383374849, 46.4773
3.116786379, 3.23712923071, 3.22330469277, 46.818
3.22961155505, 3.10918858748, 3.02825214832, 44.6583
3.2398807206, 3.15894588165, 3.05969175211, 45.591
3.0826649275, 3.08886860978, 3.12684762963, 43.9761
3.08503902554, 3.22760212555, 3.22808009622, 46.4515
3.06586413714, 3.09018594344, 3.21573482388, 44.7152
3.00647293082, 3.06925946416, 3.19370607788, 43.6865
3.02474196229, 3.07217329551, 3.04585642766, 42.4137
3.1285908979, 3.19139643713, 3.03047266765, 44.5258
3.08195481265, 3.11251197274, 3.06901837551, 43.6329
3.08663183453, 3.11762707135, 3.14044808523, 44.4496
2.96757846069, 2.98812443835, 3.15913487955, 42.113
2.94090184527, 2.98844561726, 3.14767975195, 41.7358
3.05789695292, 2.94632964295, 3.02237582374, 41.206
3.03031566691, 2.97093424398, 3.03369358432, 41.2997
2.96477938598, 3.06102424668, 2.97203234425, 40.9603
3.12836445634, 3.12200568189, 2.98290203831, 43.328
2.96250756348, 3.01138627948, 3.09185306261, 41.6275
2.91697958616, 2.97532927994, 2.96401239766, 39.5177
2.91730690838, 3.0529015193, 2.93164475544, 39.9983
2.90111528049, 2.9227841889, 2.94389868709, 38.6143
2.96142360454, 3.06110422086, 3.08003989948, 42.0124
3.02958742007, 3.0474053208, 2.90412543069, 40.7823
2.86798409706, 2.88254808457, 3.03815179864, 38.8149
3.0314435239, 2.84330555336, 2.89190899574, 38.5668
2.92372473181, 2.9008183345, 2.8954064474, 38.125
2.90306415365, 2.98726114118, 2.94341404596, 39.2958
2.90394619344, 2.94698429286, 2.83495811103, 37.7987
2.85740844242, 2.9138480641, 2.84099356482, 37.0535
2.95260185024, 2.81473004742, 2.82943192348, 36.8593
2.95382625558, 2.83914686872, 2.78277532903, 36.6555
2.79104622879, 2.94807952452, 2.77514838507, 36.086
2.82449156625, 2.79474666289, 2.92281031232, 36.3156
2.96311991745, 2.80510437752, 2.89121314762, 37.4848
2.77384647949, 2.91297069937, 2.87521218631, 36.5566
2.93345668057, 2.74265420697, 2.9011410007, 36.6433
2.74505968253, 2.78034728823, 2.87909211935, 34.9372
2.87295916522, 2.74101629307, 2.73854522661, 34.3915
2.83181460501, 2.79535071257, 2.82253103452, 35.3876
2.71049947614, 2.87988304577, 2.83484672068, 35.1786
2.67529022177, 2.86922281284, 2.76175570373, 33.984
2.65997608881, 2.85310484295, 2.74138680683, 33.4603
2.65863614953, 2.74534479964, 2.72186194115, 32.1362
2.79581356622, 2.79735111313, 2.8414852773, 35.2404
2.75562644718, 2.74403761655, 2.65557289061, 32.422
2.72731703452, 2.62934358713, 2.60660926239, 30.4622
2.59885154491, 2.58203948833, 2.6738517172, 29.3698
2.72624530331, 2.7117198561, 2.76931259317, 32.9376
2.66875062997, 2.64141054867, 2.69161840931, 30.8579
2.67470956995, 2.65383715208, 2.5678465386, 29.8028
2.66211641733, 2.6736761081, 2.55461536416, 29.7499
2.63949517657, 2.69505760096, 2.66842385751, 30.8889
2.51015254297, 2.51309584012, 2.7146321839, 28.1836
2.54429107842, 2.63607908505, 2.61779071985, 28.823
2.53987003828, 2.48273797164, 2.70085604488, 28.0269
2.62550896697, 2.58353680615, 2.48711927836, 27.7753
2.50080568424, 2.60957911615, 2.61288901668, 28.0669
2.52590037176, 2.65664606692, 2.66313240083, 29.3081
2.54372643436, 2.58764584358, 2.57691709757, 27.9058
2.57828533224, 2.54168357333, 2.5645534254, 27.6501
2.50609024121, 2.50275440873, 2.53926376184, 26.275
2.38354508396, 2.49937623602, 2.51187274626, 24.7457
2.49016066595, 2.47946458218, 2.39732803999, 24.4502
2.56673735217, 2.55162589894, 2.37465997895, 25.7311
2.47626878813, 2.56480344034, 2.47850481049, 26.01
2.49335423269, 2.53510997639, 2.50279744911, 26.1168
2.42606163933, 2.53985917769, 2.44903738822, 24.9565
2.3056822534, 2.49928244474, 2.52090057016, 24.0606
2.47857166592, 2.36122655271, 2.38236271284, 22.9615
2.40324905567, 2.38423887441, 2.34325867455, 22.0574
2.27167910589, 2.35907198588, 2.40571056684, 21.115
2.41861495421, 2.44105438394, 2.44824718913, 23.8523
2.25168165083, 2.41980219308, 2.35959643391, 21.0812
2.42282339361, 2.35310538078, 2.26293087515, 21.1234
2.25387259299, 2.36841004514, 2.38983104807, 20.875
2.33133199167, 2.39043818034, 2.34036556129, 21.3768
2.28113695748, 2.24677527383, 2.30253123194, 19.0113
2.28255890918, 2.37532876941, 2.3256113156, 20.5871
2.35217178044, 2.20504857254, 2.3253346924, 19.5155
2.12869237507, 2.1728856409, 2.21820922678, 15.8833
2.2361016912, 2.31494963253, 2.18420244724, 18.0801
2.32174315905, 2.26475217184, 2.32435849945, 19.8205
2.10750384521, 2.22264093078, 2.13501462156, 15.3516
2.08692057139, 2.25507840317, 2.07592016578, 14.8889
2.07774293052, 2.15357834042, 2.2643114031, 15.6395
2.18226494477, 2.22065087036, 2.14875720182, 16.213
2.06562899333, 2.17307610532, 2.16244574255, 14.6977
2.03130918375, 2.11190263462, 2.21103955075, 14.2114
2.22603635337, 2.13633105601, 2.03759364811, 14.6599
2.09437536871, 2.20191661374, 2.02112653063, 13.8629
2.08027885873, 2.086607117, 1.99799593719, 12.2975
2.06427248805, 2.05038109962, 2.07540191837, 12.5409
2.02078614045, 2.0649671844, 1.95302237475, 11.0301
1.99598946874, 2.06371675305, 2.11784202854, 12.4256
2.07962165217, 1.91053426575, 2.10263272046, 11.5204
2.00323764601, 1.98007077624, 2.0716539394, 11.1686
2.08673254855, 2.03701655308, 2.03761080871, 12.2466
2.04629924664, 1.9245788169, 1.9447168797, 9.74827
2.02938423971, 2.05805519633, 1.9433432089, 10.9469
1.99480197707, 1.97152475215, 1.9125914001, 9.39886
1.9497919449, 1.83503832689, 1.85654177453, 6.97623
1.8686390485, 1.99245435974, 1.84706650359, 7.70196
1.89496369412, 1.79844121949, 1.95065989146, 6.99726
1.96396566737, 1.84529781653, 1.85679747931, 7.22596
1.93166830208, 1.98299422006, 1.87881337972, 8.55009
1.96198133733, 1.75720728316, 1.78433041762, 5.56722
1.80329450303, 1.94587046181, 1.93997348773, 7.50287
1.84068698043, 1.75386634588, 1.87081184455, 5.19421
1.84641477651, 1.92314856208, 1.71815256365, 5.46928
1.72703708403, 1.81613582892, 1.90495894725, 5.0504
1.82653755327, 1.72759347074, 1.86169912497, 4.69012
1.76865117087, 1.77125033913, 1.73012410482, 3.2444
1.86413145899, 1.85661738571, 1.76395921728, 5.41734
1.69352583882, 1.71564270516, 1.72198756069, 1.83992
1.79079280895, 1.80151461522, 1.7619703575, 4.0976
1.66591772263, 1.79551741551, 1.71824726197, 2.35391
1.76436783629, 1.61904882724, 1.8109235629, 2.43875
1.78357830322, 1.67846330535, 1.66949406557, 1.82422
1.65756346214, 1.65222748007, 1.691292981, 0.51783
1.65461183946, 1.71396785098, 1.74818288066, 1.69844
1.54483679415, 1.54460802428, 1.61985077263, -2.43458
1.64985449346, 1.66273631368, 1.53805183182, -0.989082
1.57973455341, 1.60564464031, 1.72349171655, -0.415131
1.57046840456, 1.69131201943, 1.69651953394, 0.107994
1.71494093097, 1.68719735085, 1.59338789579, 0.467308
1.50250785612, 1.69789937713, 1.48501424169, -2.62413
1.62334776258, 1.63706061331, 1.55785417531, -1.31958
1.50839970576, 1.68063294256, 1.57484938504, -1.84196
1.59476474131, 1.48571219691, 1.45926130367, -4.15973
1.62671016518, 1.45096782367, 1.4476923493, -4.31745
1.5493339483, 1.49245237026, 1.43358103415, -4.79996
1.60153410103, 1.4867199063, 1.59351109714, -2.73375
1.47763643086, 1.54893807957, 1.42291218245, -5.0362
1.49500577455, 1.50517491095, 1.57348984013, -3.80392
1.4790216085, 1.4091333219, 1.40794680021, -6.61892
1.42083110327, 1.49507496938, 1.36402559937, -6.74999
1.3523067632, 1.47228638147, 1.42371384092, -7.06817
1.32958885758, 1.49190769826, 1.47871649641, -6.53889
1.45118808168, 1.43866680178, 1.32391147072, -7.43429
1.44404522222, 1.38494513195, 1.47006859403, -6.59332
1.31860106583, 1.52523469957, 1.43696914652, -6.72272
1.47077731047, 1.48541793813, 1.40563100675, -5.93508
1.29638537302, 1.32694750855, 1.43098482156, -9.05505
1.28056502977, 1.31802302975, 1.34270112307, -10.1914
1.26041367015, 1.42006747387, 1.45314044482, -8.22721
1.3095478139, 1.43819818571, 1.4243880072, -7.8395
1.39817538039, 1.42923789929, 1.30859123314, -8.21318
1.34189668817, 1.42108714614, 1.22730006108, -9.67385
1.21005449273, 1.32098713665, 1.21031206645, -12.1918
1.23548498322, 1.20101555809, 1.2502735947, -12.7785
1.37455810147, 1.3304897464, 1.24315424843, -10.1268
1.27597117279, 1.25244381047, 1.37231510268, -10.6181
1.22424999145, 1.20323026337, 1.16456521926, -13.7281
1.28996773268, 1.21688509636, 1.16654730382, -12.9131
1.29418189879, 1.3328386723, 1.33572067943, -9.97272
1.32093697923, 1.36211100664, 1.21844251182, -10.5814
1.22515933032, 1.12867820744, 1.1324733974, -14.8126
1.18175941459, 1.12804973183, 1.1235408673, -15.3406
1.15418283908, 1.18681377316, 1.28794282266, -13.3561
1.17076902026, 1.21272209889, 1.20277236064, -13.7784
1.21325433798, 1.14910820948, 1.3067642372, -12.9694
1.18494630268, 1.19573010405, 1.1895822423, -13.9456
1.28593233444, 1.20423844901, 1.11955772417, -13.5559
1.12232750742, 1.19871178684, 1.07958387104, -15.6425
1.09194268589, 1.24202993145, 1.16324686888, -14.6565
1.24091675301, 1.19717181226, 1.24267925269, -12.8405
1.11973277249, 1.19584139282, 1.20887655749, -14.3996
1.15282524195, 1.20657443765, 1.12291684781, -14.8225
1.15363931772, 1.24799081904, 1.17248623384, -13.8882
1.05916395027, 1.03794046841, 1.16320666962, -17.0943
1.05337726086, 1.14735356487, 1.09983343283, -16.6565
1.01062193987, 1.07438844037, 1.10316712086, -17.8032
1.18449047278, 1.03208253438, 1.01936948438, -17.3523
1.13185673337, 1.07355757387, 1.052841408, -17.1109
1.04948850746, 1.16750374788, 1.10913761093, -16.3933
0.993654045268, 1.02114589879, 0.97327992499, -19.8272
0.990525559974, 1.14969769061, 0.982509861999, -18.4358
1.06535957562, 1.10273754192, 1.03452560902, -17.6546
1.04230787398, 1.13742380401, 1.06108130315, -17.2585
1.13945288204, 1.10613029681, 1.08833273316, -16.3419
1.10897491814, 1.16247608225, 1.13200880145, -15.6237
1.10864070889, 0.998439152091, 1.11224316947, -17.5224
1.14288459132, 0.941750002427, 1.07205168127, -18.1717
1.00629876678, 1.06751151193, 1.06170803967, -18.3337
1.13178314498, 0.943885386373, 0.924329640444, -19.7436
1.051643281, 1.07944855616, 1.06303678397, -17.7457
1.01110250903, 1.03207519339, 0.927004078202, -20.0053
0.986767008587, 0.915514097576, 1.03227270091, -20.396
0.947476452485, 0.935648205312, 1.12220754997, -19.6755
1.07483706221, 1.04846243453, 1.12210563058, -17.2423
1.07898943364, 0.959484027566, 1.0598261191, -18.7468
1.03037464531, 1.05152697239, 0.911199518087, -19.771
1.10943430591, 1.0363308574, 1.10446907166, -17.2006
0.8826564051, 0.993550469256, 1.10830424363, -19.8612
0.889963214277, 0.886326111906, 1.03387734114, -21.6451
1.06135080485, 1.00393010543, 1.0136538928, -18.9262
1.01916925511, 0.97051697788, 0.886748082254, -20.966
1.06032459159, 1.05450616694, 1.00261238976, -18.5241
0.881936263087, 0.939031441207, 1.03531888128, -21.1653
1.05111493119, 1.02337256537, 0.946368243992, -19.5027
1.00672105154, 0.999609330331, 1.07758216838, -18.8725
1.03066578544, 0.962209907437, 0.924962779205, -20.5538
1.01489404417, 0.910545458524, 0.930785165957, -21.1867
0.873619481994, 1.04642033025, 0.99341325585, -20.558
0.946672596351, 0.943129850725, 0.86994484067, -22.1395
0.867737317268, 0.911217132509, 0.950949066685, -22.4416
1.00142564012, 1.01789047937, 0.933006117611, -20.188
1.00689284918, 0.91933606383, 0.937890348599, -21.1041
0.909256036686, 0.991661421941, 0.960999990023, -21.0953
0.878821422403, 0.904658272823, 0.885666303572, -23.0547
0.887206399856, 0.918605338634, 0.957854121021, -22.1021
0.999516079261, 0.938561261433, 0.939827418765, -20.9591
0.985870744251, 0.887683227006, 0.857451989898, -22.4485
0.881607522696, 0.890268206892, 0.975284264109, -22.2759
0.940689934556, 0.92939424269, 0.844400488751, -22.5976
0.921343645444, 0.999748252657, 0.913236604599, -21.3711
0.988325826597, 0.875762762203, 0.860577759634, -22.516
0.976780955284, 0.88036595755, 0.925890082907, -21.9273
1.01877274928, 0.920019489306, 0.89774102162, -21.382
1.02399086099, 0.922145277678, 1.00612692027, -20.2196
0.974744519397, 0.971713690974, 0.848984543831, -21.775
0.927964877684, 0.951780936282, 0.848736149332, -22.4491
1.07495926288, 0.935228024801, 0.896576803763, -20.6773
1.06920746472, 0.973138613063, 0.918063856546, -20.1265
0.989627184609, 0.874426395013, 0.886419381295, -22.2573
0.927627199883, 0.921871964891, 0.972659875847, -21.5174
0.863747996179, 0.921420299058, 0.887869434586, -23.0092
1.07123389216, 0.898874105223, 0.958732195929, -20.4662
1.0116338061, 0.924251205002, 1.01302506326, -20.2515
1.05250394641, 0.886933622445, 0.899611734429, -21.3698
0.933052594385, 0.901524869722, 0.917183310542, -22.231
0.964328756935, 0.976349058746, 1.01930246974, -20.1202
1.07166146184, 1.0077281154, 0.957918414669, -19.3441
0.898543784418, 0.961663104347, 0.979469892888, -21.3268
1.07167202058, 1.06012346698, 1.03834380615, -17.9943
1.06453894634, 0.976330853061, 0.918371577211, -20.1369
0.946951885685, 1.09083573054, 0.902365969808, -20.2832
0.914287350766, 1.01266507847, 0.933576203469, -21.1034
0.98160727542, 0.90612229298, 0.922330561611, -21.6486
0.932752814192, 1.13174113154, 0.990247641675, -19.1188
1.08497381425, 1.08901244324, 0.997026459732, -17.978
0.94304351727, 1.11934552173, 0.987200885558, -19.1752
0.983737983407, 1.14333208832, 1.08731605761, -17.5167
1.09208994152, 1.08127400906, 1.0729567662, -17.2247
1.00956558295, 0.991023952692, 0.945702813842, -20.2574
0.957568240235, 0.951183227006, 1.05768280486, -20.0624
1.03908481066, 0.947646660762, 1.15853306855, -18.2751
1.07704307081, 1.16749825213, 1.06644907516, -16.5479
1.13718397648, 1.06639543814, 0.973899936103, -17.9247
1.188073368, 1.06106015558, 0.970814681485, -17.5045
1.16630159278, 1.11685253072, 1.00773068822, -16.7733
1.01027966456, 1.07189545849, 1.19773874354, -16.8827
1.12303995585, 1.17262377618, 1.08867746685, -15.8139
1.11068253414, 1.00722270594, 0.987506597269, -18.6639
1.03912776854, 1.14492443372, 1.12898532543, -16.5306
1.06926390977, 1.22243486108, 1.0411189774, -16.3114
1.0864410704, 1.11000211546, 1.08010770118, -16.912
1.18410212462, 1.20450463565, 1.22901878698, -13.4672
1.0300237624, 1.20089880057, 1.17354287758, -15.5947
1.19008458019, 1.22079534272, 1.25949630163, -12.9331
1.23421306027, 1.24560780036, 1.10384535281, -13.8004
1.20674624973, 1.13335880355, 1.26480819376, -13.6184
1.21628378431, 1.09175374103, 1.05695285519, -16.0413
1.28310714174, 1.11777805405, 1.09667792173, -14.7082
1.2235546683, 1.12722004574, 1.12966953897, -14.8718
1.27139252212, 1.21986979761, 1.2784591719, -11.9431
1.15530226568, 1.12414978145, 1.25650412471, -14.309
1.18803905898, 1.14073314786, 1.14135940984, -14.968
1.13467919052, 1.33278788489, 1.20387407082, -12.8844
1.31470858626, 1.31685578119, 1.32995578342, -9.9917
1.35277839833, 1.25674197974, 1.22683010521, -11.2704
1.28194746508, 1.30721766948, 1.23649263273, -11.356
1.20031488775, 1.28359815241, 1.25737746756, -12.2029
1.18689748241, 1.26656503092, 1.32736224618, -11.8098
1.26602451995, 1.28612019967, 1.33282474826, -10.7653
1.1752908913, 1.30166884612, 1.4032710292, -10.7998
1.33401489181, 1.22874527425, 1.33144685557, -10.6961
1.3429076907, 1.19538633175, 1.3835568658, -10.4294
1.2945838905, 1.39352850551, 1.35641801641, -9.13306
1.39626373956, 1.32960741194, 1.28007487343, -9.54921
1.24442734793, 1.2340051135, 1.36025863637, -11.2438
1.45821091892, 1.29588102646, 1.35402437124, -8.53905
1.28632672023, 1.41518161814, 1.42395130342, -8.31304
1.34430324605, 1.39043050253, 1.48916842692, -7.33725
1.4113496327, 1.28221476916, 1.30451984802, -9.64386
1.31682223145, 1.46677067348, 1.36206311261, -8.09743
1.47882139511, 1.47746594768, 1.35196827355, -6.4762
1.33740717857, 1.38601789117, 1.43977506743, -7.94754
1.44321764416, 1.4788854099, 1.5282096718, -5.04591
1.33734360976, 1.36708596861, 1.49063990619, -7.63321
1.35570630013, 1.41281103843, 1.38142478858, -8.07427
1.44684107734, 1.47633146929, 1.38468023753, -6.47765
1.44467124884, 1.51026534581, 1.40483722095, -5.94579
1.55596870353, 1.4413927207, 1.46145245326, -4.98222
1.57226868653, 1.59518938944, 1.53674190749, -2.47299
1.62443742985, 1.60046085978, 1.57576325203, -1.50749
1.54782028736, 1.60694346029, 1.63177861051, -1.64027
1.42757904626, 1.48043461843, 1.59323578724, -4.53247
1.56313055588, 1.45745062786, 1.60326207084, -3.32074
1.63739165138, 1.60650717022, 1.49693377129, -2.10768
1.62126144733, 1.52361614027, 1.48554538002, -3.24002
1.548561405, 1.60676193565, 1.70754136683, -0.87394
1.4943790559, 1.63243407801, 1.50464950001, -3.18504
1.51041462582, 1.5841613789, 1.67578793958, -1.80619
1.68586581201, 1.61344067884, 1.54380085134, -1.08296
1.57264441474, 1.69834634223, 1.5805510918, -0.962196
1.76281147448, 1.67482227256, 1.68996194726, 1.78546
1.66511438094, 1.61358918581, 1.75673134811, 0.85043
1.59230110037, 1.76021802884, 1.58645292289, -0.0672989
1.61177638664, 1.66830258571, 1.7294168129, 0.61137
1.74672103383, 1.75118431238, 1.6644616082, 2.1592
1.65874733364, 1.76462799791, 1.63196087503, 1.0965
1.65066483422, 1.84538882913, 1.81661655568, 3.70589
1.75221359325, 1.73755568222, 1.83705228084, 3.8061
1.75157993455, 1.82165297245, 1.82632279358, 4.56199
1.7821710721, 1.7878660799, 1.74338180357, 3.68395
1.69094145634, 1.70269056106, 1.86976401724, 3.16425
1.81363854314, 1.84060585939, 1.73427255075, 4.45115
1.91652464461, 1.77456126725, 1.92075425288, 6.66445
1.76720690457, 1.81936637818, 1.79215035732, 4.35066
1.7429775723, 1.91760681844, 1.89936179288, 6.20248
1.95652563697, 1.77661907279, 1.8790303172, 6.66476
1.90980032564, 1.84508405091, 1.77435892167, 5.8569
2.00189347312, 1.85523920123, 1.89688994016, 8.10883
1.8017335049, 1.937121551, 1.80309676002, 6.02227
1.88822109086, 1.9930828541, 1.91081775844, 8.54353
1.85395684822, 1.84328103645, 2.04051307648, 7.95541
2.04726767795, 1.96129486181, 1.97509840035, 10.4428
2.00653984227, 1.90212476196, 2.06387135496, 10.317
1.94847141502, 1.94001628363, 1.89916516345, 8.47708
2.07722089267, 1.89001035366, 2.07383542475, 10.995
2.11368624203, 1.95364012005, 2.11062165382, 12.3855
2.05666263087, 1.93757508727, 2.12029665313, 11.7491
2.00594574242, 1.96513191194, 2.03194556655, 10.6422
1.97934442242, 1.94853139463, 1.98755881947, 9.76005
2.14924783349, 2.13341358969, 2.07254099173, 14.2166
2.1278564025, 2.17113892658, 2.1002840695, 14.6726
2.01140449998, 2.16120643895, 2.11621758214, 13.5711
2.05807227466, 2.1282743726, 2.03700563094, 12.8994
2.12072714087, 2.21794479036, 2.04740572942, 14.5548
2.04915920542, 2.23813292698, 2.08460650055, 14.4251
2.24866265279, 2.1353685616, 2.08736390238, 15.3749
2.07895401069, 2.2163469671, 2.18848350287, 15.5394
2.16543755047, 2.19785783144, 2.1314569329, 15.636
2.11467562479, 2.17128720705, 2.15718205981, 15.1144
2.23194790448, 2.31164533585, 2.15816803369, 17.7431
2.30031962423, 2.26842054794, 2.24408286284, 18.8391
2.33940414501, 2.33176452096, 2.28116778871, 20.2557
2.25439947178, 2.27487903628, 2.18760837046, 17.8819
2.27000862128, 2.22983623381, 2.347235949, 19.1743
2.23822650718, 2.29615793293, 2.23605733589, 18.4276
2.30543448357, 2.38014880248, 2.28375680958, 20.4442
2.32615342483, 2.41078480431, 2.19933983604, 20.1196
2.43031184777, 2.36792505579, 2.30808474358, 21.8047
2.29038151214, 2.28198935683, 2.30828971041, 19.5254
2.36830235158, 2.38485571341, 2.38220843307, 22.1072
2.46118314997, 2.43556624647, 2.37440744208, 23.4776
2.36744697558, 2.38279763821, 2.4017772549, 22.2739
2.48771252776, 2.30433254421, 2.46842196184, 23.3282
2.49130918599, 2.38999773684, 2.34929460687, 23.0538
2.40377243231, 2.36489606823, 2.31253429923, 21.5539
2.47978410473, 2.51145093116, 2.47626522103, 25.4706
2.51181712013, 2.36617596883, 2.4937390373, 24.462
2.56801810591, 2.5227670167, 2.56460350336, 27.3528
2.36727693372, 2.45420972391, 2.49627668867, 23.9599
2.47610660609, 2.54087106658, 2.54035700054, 26.382
2.61699382349, 2.47230675952, 2.61953374736, 27.8697
2.60975663915, 2.42964411762, 2.45335749063, 25.6876
2.58370452655, 2.54532977659, 2.63793359727, 28.4787
2.61020439586, 2.66520687902, 2.50667346156, 28.6643
2.58876096871, 2.6228319749, 2.67063048662, 29.659
2.58581248619, 2.69166611087, 2.54560548193, 29.0862
2.62737161624, 2.54715569902, 2.60919106702, 28.6434
2.63405911344, 2.48955143234, 2.67869723891, 28.8121
2.62001295445, 2.57260475609, 2.62752441503, 29.0176
2.66598918884, 2.6753482841, 2.58492031812, 30.11
2.62495404753, 2.68297385263, 2.64925358005, 30.4267
2.61670505169, 2.71610557714, 2.71256417103, 31.3231
2.65744494729, 2.72084250588, 2.72311160734, 31.8834
2.70550823898, 2.767790153, 2.73606796079, 32.9774
2.71132962033, 2.62184486094, 2.5955133728, 30.1141
2.77236016935, 2.71628159652, 2.59404142239, 31.6835
2.73771895132, 2.77852649319, 2.80420445848, 34.0932
2.78622585098, 2.6569149772, 2.79406212005, 33.216
2.67514620679, 2.84519422664, 2.64344816268, 32.5459
2.82061786621, 2.82354648826, 2.79450490701, 35.2864
2.86638587157, 2.80263412603, 2.80954159037, 35.6765
2.74012200022, 2.75351928554, 2.69925818789, 32.8046
2.84041778188, 2.78967322663, 2.86818262557, 35.873
2.83353074085, 2.74663846093, 2.88498961266, 35.528
2.85793286525, 2.71296441929, 2.92565250563, 35.8309
2.74655789213, 2.80616151378, 2.87493586959, 35.1774
2.84679387521, 2.7962075247, 2.89754599185, 36.2989
2.77592264019, 2.90130961578, 2.84807958558, 36.1841
2.7801372212, 2.75752970629, 2.77876846572, 34.0427
2.88703062051, 2.78318372, 2.78179038894, 35.4021
2.91482321299, 2.93517316019, 2.90609958338, 38.4992
2.87465970255, 2.84384278562, 2.85363545272, 36.6279
2.82573832138, 2.80234171013, 2.96594463612, 36.8397
2.860154066, 2.96312425241, 2.997079536, 39.158
2.88849825271, 3.01801015535, 2.82164848028, 38.2461
2.93374935648, 2.89839482764, 2.8976136728, 38.2219
2.86854738318, 2.90114803493, 3.0588174573, 39.2204
2.86834905418, 2.84697144068, 2.94574546483, 37.5225
2.91553784587, 3.01313693176, 3.03943530877, 40.6518
2.92316345472, 3.04606487528, 2.93283915005, 39.9979
2.9740258785, 3.02464553104, 3.09050777432, 41.8658
2.95660886318, 2.93417679961, 2.91801812267, 39.0244
2.89836354803, 3.03641476846, 2.8902837167, 39.2239
3.11765716882, 2.9612663221, 2.91685007775, 40.8954
3.07435929413, 2.98981009448, 3.08128288556, 42.4111
3.10236869467, 3.05099935169, 3.09622990417, 43.4729
3.08957486957, 3.07785125735, 2.94637434237, 42.1185
3.14995128591, 3.05736715128, 3.09316640664, 43.9815
3.15726285145, 3.07808866841, 2.94682754898, 42.799
3.17022020968, 3.08334758933, 2.98758985284, 43.3917
3.02955836014, 3.09843440035, 3.03778365851, 42.6522
3.07293297928, 3.02554565188, 2.96787911732, 41.6278
3.1054284145, 2.99139711456, 3.06689752603, 42.5922
3.17330096016, 3.12437907825, 3.20152346358, 45.9952
3.20310170284, 3.13927309453, 3.21554873571, 46.5867
3.10561120182, 3.12295831114, 3.01654150339, 43.4493
3.06473383012, 3.04625198513, 3.1454259423, 43.5434
3.15414741137, 3.11405268893, 3.15209438527, 45.2014
3.07996646076, 3.12099516954, 3.1042205228, 44.0543
3.13753448483, 3.05331256175, 3.0752733741, 43.6363
3.04666575265, 3.03316774523, 3.22288947039, 44.0062
3.20470825649, 3.25270889141, 3.23455463984, 47.967
3.12994460876, 3.12922833808, 3.09263500043, 44.5205
3.22702704386, 3.15639772445, 3.20314828089, 46.8774
3.13744761939, 3.24154564915, 3.19162127156, 46.7511
3.28362845089, 3.13318516389, 3.21866077397, 47.3562
3.20907279038, 3.22740614454, 3.27576879957, 48.1625
3.2584157698, 3.10736768962, 3.07973134042, 45.4431
3.13921064588, 3.16534024427, 3.27221003887, 46.7896
3.28068992562, 3.11231824822, 3.18658990851, 46.7891
3.09571735138, 3.29482807497, 3.08627925691, 45.8291
3.25045683964, 3.22597573063, 3.15146267561, 47.3112
3.3, 3.3, 3.20131596158, 49.0706
3.12492958973, 3.3, 3.16817887552, 46.9958
3.19528672062, 3.2896255338, 3.19961289484, 47.9042
3.25520531279, 3.10856298993, 3.18671542403, 46.4979
3.1221874556, 3.26194101124, 3.12341053473, 46.1252
3.25357296363, 3.1172709081, 3.17822657087, 46.4865
3.18521424774, 3.20086984351, 3.3, 47.894
3.28397615795, 3.2600147035, 3.25422408118, 49.0288
3.17559835207, 3.16221951463, 3.22318285128, 46.627
3.27782393853, 3.26807726177, 3.3, 49.5107
3.21779099441, 3.17286543298, 3.21455089865, 47.0703
3.3, 3.18946603159, 3.3, 48.9182
3.247588575, 3.3, 3.16314903751, 48.1658
3.21236638056, 3.17694718539, 3.26131566187, 47.5282
3.3, 3.21857369295, 3.21612493218, 48.377
3.26327214166, 3.16755727109, 3.22997541716, 47.6229
3.21711688326, 3.3, 3.15361279494, 47.7668
3.3, 3.3, 3.3, 50.0616
3.3, 3.18854525539, 3.16429105331, 47.5458
3.3, 3.15954387065, 3.18991974788, 47.5032
3.16504534149, 3.3, 3.25748371901, 48.2918
3.3, 3.3, 3.19240288648, 48.9811
3.29333400232, 3.3, 3.22305048646, 49.2225
3.17741760042, 3.29174929154, 3.23824881375, 48.1364
3.26366579256, 3.21094545226, 3.23617596606, 48.1379
