3.21535094623191, 3.2926584284056317, 3.2562900783302684, 48.62928740371527
3.1983370699140212, 3.3, 3.3, 49.61030735656521
3.1659829742938, 3.3, 3.211880346195964, 47.860878514504655
3.2279880618179364, 3.166533646472074, 3.1990777839201767, 46.90504537586048
3.1755509623613483, 3.227849398233407, 3.3, 48.516978366117264
3.27946350198567, 3.3, 3.1853697306171576, 48.67005261286973
3.3, 3.2445651319342463, 3.1924104331739063, 48.53855323310594
3.1997674207473836, 3.3, 3.3, 49.605439134498454
3.2210598035998608, 3.292686934410618, 3.1786033407733143, 47.90252604832116
3.1518086712653606, 3.3, 3.3, 49.65041526702819
3.3, 3.2356655576860005, 3.2585382485657095, 49.554004859843566
3.1813539309723544, 3.2524495338650543, 3.2726498256493968, 48.04498273218996
3.273916031174894, 3.1780973484994046, 3.1945376116655892, 47.43990900343321
3.3, 3.3, 3.174373733632067, 49.31150540986471
3.2993943652766973, 3.3, 3.148573133080008, 48.95489616241492
3.2883045248586535, 3.2494748650506233, 3.1873452058088563, 48.23358177493065
3.2992440487802503, 3.1351162194372217, 3.24690419534231, 47.790550136967504
3.2777729241662, 3.178948086273188, 3.295169752465523, 48.50394710004961
3.2904234313834726, 3.1478130468131136, 3.3, 48.519746421025694
3.206955111639579, 3.2934696179137775, 3.161839080270978, 47.59862434165995
3.152007221341043, 3.297665755311413, 3.150085506895007, 46.967257409570344
3.2769726306080034, 3.1997911977968236, 3.1948819315599417, 47.69339151479565
3.2169447918610468, 3.232465086316833, 3.2098046008416707, 47.56782302039951
3.23094453084969, 3.3, 3.134332377593849, 47.84825637622913
3.2346184521199453, 3.1306671130448267, 3.1630197977245205, 46.24550871605347
3.1920097723401595, 3.118177741873525, 3.1743776208518724, 45.80368823298543
3.2657662357608235, 3.1206710527280306, 3.111566497117071, 45.93943217783763
3.142116733872891, 3.2337203809652166, 3.3, 47.80286100968703
3.282986290007035, 3.1830997525726894, 3.2187243736737825, 47.82636784094452
3.2747056960989767, 3.0819496745511925, 3.122227005610311, 45.74628662889375
3.234515585424539, 3.2799311476516912, 3.1977985366228587, 48.10348757271807
3.2419192687516047, 3.2435504370332584, 3.2009240128507117, 47.84236079429874
3.116303221816573, 3.2705965783994206, 3.13928737538747, 46.22411288488348
3.2478430748126863, 3.1748969500575903, 3.0699540161565966, 45.885798394210845
3.0636481840866443, 3.091998994423949, 3.1431966431650573, 43.92771537046113
3.166983580780079, 3.2492155763183654, 3.156793843337633, 46.696898994303815
3.2179612769856485, 3.06753093106901, 3.263833748491863, 46.45783794491437
3.116786378995286, 3.237129230709931, 3.2233046927744855, 46.7395990149465
3.2296115550522835, 3.1091885874801344, 3.028252148317696, 44.61668980656682
3.2398807205988613, 3.1589458816486387, 3.059691752105829, 45.54058943791242
3.082664927499319, 3.0888686097805222, 3.126847629626595, 43.92304208996401
3.085039025538959, 3.2276021255518583, 3.228080096216268, 46.37092168997057
3.065864137142134, 3.0901859434423367, 3.2157348238835484, 44.66449398452545
3.0064729308183913, 3.06925946415752, 3.193706077880941, 43.630691645018715
3.0247419622898324, 3.0721732955089394, 3.04585642765723, 42.35122914602022
3.1285908979044645, 3.191396437126314, 3.0304726676528952, 44.44909093619873
3.0819548126463547, 3.1125119727412494, 3.0690183755119516, 43.5705571808036
3.086631834528966, 3.1176270713545557, 3.1404480852331242, 44.390979708248956
2.967578460686999, 2.9881244383512815, 3.159134879551273, 42.06906847060156
2.9409018452716205, 2.988445617260877, 3.1476797519481785, 41.68714358061289
3.057896952920082, 2.9463296429483474, 3.022375823744248, 41.17780221830988
3.0303156669080726, 2.97093424398339, 3.0336935843186237, 41.2620555071726
2.964779385980982, 3.0610242466848714, 2.9720323442466503, 40.8872320900253
3.12836445633947, 3.122005681889477, 2.9829020383076115, 43.265375520571304
2.962507563476259, 3.011386279483343, 3.091853062611662, 41.57320106637641
2.9169795861619923, 2.9753292799433737, 2.9640123976640944, 39.457790543125874
2.9173069083776606, 3.0529015193013067, 2.9316447554395255, 39.917708920388826
2.901115280492733, 2.9227841889002195, 2.943898687086117, 38.56361774221282
2.9614236045415097, 3.061104220857137, 3.080039899481101, 41.94512853413887
3.0295874200665076, 3.047405320800317, 2.9041254306864337, 40.718365369224834
2.867984097062136, 2.882548084573503, 3.038151798639138, 38.77458565934118
3.0314435238963338, 2.8433055533583693, 2.8919089957399304, 38.552101747420544
2.9237247318137154, 2.9008183345049665, 2.8954064474038828, 38.08029811840975
2.90306415364549, 2.9872611411760017, 2.9434140459601386, 39.22969031092557
2.903946193442983, 2.946984292861285, 2.8349581110347533, 37.736248457969914
2.857408442423312, 2.9138480640995312, 2.8409935648179694, 36.99242496303852
2.9526018502424467, 2.8147300474219095, 2.8294319234789014, 36.835998193366244
2.9538262555813986, 2.8391468687198707, 2.782775329029946, 36.62372175082036
2.7910462287949445, 2.948079524516008, 2.7751483850714007, 36.00276907456922
2.8244915662469285, 2.7947466628913276, 2.922810312317829, 36.283318600566524
2.963119917451806, 2.8051043775175084, 2.891213147620719, 37.46906507666701
2.773846479489897, 2.912970699374252, 2.8752121863114697, 36.485145102784024
2.9334566805674034, 2.742654206970442, 2.9011410006968075, 36.63890796196619
2.745059682530578, 2.7803472882340534, 2.8790921193483143, 34.89393020316107
2.8729591652231004, 2.741016293070684, 2.738545226612013, 34.36889580712926
2.831814605008491, 2.795350712565658, 2.8225310345243866, 35.35046820301551
2.710499476142833, 2.8798830457657734, 2.834846720675581, 35.10332568266856
2.6752902217685777, 2.8692228128354156, 2.761755703734076, 33.90170442765728
2.6599760888115616, 2.8531048429518244, 2.741386806829655, 33.378462005990315
2.6586361495322626, 2.745344799637397, 2.7218619411547533, 32.07922111438802
2.795813566223787, 2.797351113134396, 2.841485277296126, 35.19848441064959
2.7556264471781002, 2.7440376165518385, 2.6555728906079725, 32.3761308518981
2.727317034520342, 2.6293435871290267, 2.606609262388991, 30.437069535741013
2.598851544906697, 2.582039488334178, 2.6738517172009706, 29.34083586304895
2.7262453033097773, 2.711719856102958, 2.769312593168515, 32.90179548061869
2.6687506299720156, 2.64141054867485, 2.691618409313724, 30.82605644404637
2.674709569953115, 2.653837152083851, 2.56784653860044, 29.76154808724654
2.662116417333812, 2.6736761081035825, 2.554615364155878, 29.701089793871446
2.6394951765666694, 2.6950576009614595, 2.6684238575146275, 30.83814782871471
2.51015254296868, 2.513095840122571, 2.7146321838998606, 28.160409767586987
2.5442910784153576, 2.6360790850522795, 2.617790719852759, 28.769301851721178
2.5398700382842634, 2.4827379716402733, 2.7008560448777432, 28.014788432346275
2.625508966965945, 2.583536806148042, 2.4871192783584113, 27.739040923963625
2.5008056842357664, 2.609579116150009, 2.6128890166824386, 28.01286683907287
2.525900371755803, 2.656646066923675, 2.6631324008259343, 29.249281207125392
2.5437264343599444, 2.5876458435785548, 2.5769170975703344, 27.861508843523577
2.578285332235372, 2.5416835733322745, 2.564553425398222, 27.62143768652392
2.5060902412093107, 2.5027544087329985, 2.539263761843609, 26.24351931096888
2.38354508396284, 2.499376236015106, 2.511872746263654, 24.694889557995975
2.4901606659530007, 2.47946458217758, 2.397328039989723, 24.41366957697277
2.5667373521715575, 2.551625898939122, 2.374659978953412, 25.687103333980726
2.476268788128314, 2.564803440337149, 2.4785048104884475, 25.955323625797075
2.4933542326937213, 2.5351099763929876, 2.5027974491051967, 26.07335008274652
2.426061639327948, 2.539859177689124, 2.4490373882245846, 24.898567729713715
2.3056822534038215, 2.4992824447448814, 2.520900570162766, 23.998639073853226
2.478571665921151, 2.3612265527145073, 2.3823627128414486, 22.951120519970782
2.403249055674721, 2.384238874407196, 2.343258674551384, 22.02774348114446
2.2716791058854344, 2.3590719858750457, 2.4057105668425027, 21.07537028891902
2.4186149542062423, 2.4410543839420513, 2.4482471891260604, 23.81733865933691
2.251681650826445, 2.419802193075462, 2.3595964339144344, 21.021012907235775
2.422823393608089, 2.353105380781718, 2.2629308751546056, 21.09959241964053
2.253872592994514, 2.368410045142813, 2.389831048074546, 20.829431173857305
2.3313319916742743, 2.390438180342544, 2.3403655612874665, 21.334704376810965
2.2811369574770106, 2.2467752738327347, 2.3025312319362197, 18.994378416625914
2.282558909175124, 2.375328769411666, 2.3256113155972047, 20.540393880646416
2.3521717804422093, 2.2050485725443356, 2.325334692402351, 19.520758034231278
2.1286923750730766, 2.1728856408959416, 2.218209226776503, 15.856436795409309
2.2361016912000418, 2.3149496325328807, 2.184202447239884, 18.032866373462696
2.321743159052913, 2.2647521718423382, 2.3243584994493327, 19.80660434691499
2.1075038452057053, 2.2226409307815196, 2.1350146215616754, 15.304640379281826
2.0869205713913317, 2.2550784031706566, 2.0759201657792543, 14.827466064052961
2.077742930517337, 2.1535783404168813, 2.2643114031021034, 15.612451252892148
2.1822649447738343, 2.220650870364967, 2.1487572018185257, 16.178515322801278
2.065628993326877, 2.1730761053235073, 2.1624457425513968, 14.658089305068506
2.0313091837533754, 2.1119026346208623, 2.211039550750713, 14.184357263888394
2.2260363533747047, 2.1363310560120854, 2.0375936481089494, 14.646071287835753
2.094375368711227, 2.201916613740163, 2.0211265306275608, 13.8123082129187
2.0802788587300807, 2.086607117004595, 1.9979959371881795, 12.271534473968236
2.0642724880545793, 2.050381099619186, 2.075401918365007, 12.52581319231084
2.0207861404519942, 2.064967184399899, 1.9530223747472144, 10.997734339384927
1.9959894687385045, 2.063716753050984, 2.117842028535292, 12.39947727600788
2.0796216521680324, 1.9105342657533848, 2.102632720457008, 11.543319579580052
2.003237646006607, 1.9800707762361458, 2.071653939404818, 11.161235976238089
2.086732548548752, 2.0370165530770987, 2.0376108087074654, 12.23595869023552
2.046299246643163, 1.9245788168963394, 1.9447168797004133, 9.753484275150667
2.02938423970781, 2.0580551963281017, 1.9433432089043887, 10.9169964135384
1.9948019770661474, 1.971524752145265, 1.9125914001015676, 9.383011407201819
1.9497919448956917, 1.83503832689, 1.8565417745278177, 6.983556023368782
1.868639048504617, 1.992454359739235, 1.8470665035925324, 7.658180927640249
1.894963694118565, 1.7984412194892316, 1.950659891456873, 7.010755606713836
1.9639656673747756, 1.8452978165292389, 1.8567974793097701, 7.232939022361463
1.9316683020811523, 1.9829942200639268, 1.8788133797233064, 8.519958604731169
1.961981337332195, 1.757207283163336, 1.7843304176241848, 5.591101395148653
1.8032945030255543, 1.9458704618099871, 1.9399734877287245, 7.4660449753966285
1.8406869804255563, 1.7538663458842623, 1.8708118445525768, 5.205708796589853
1.8464147765118686, 1.923148562084874, 1.7181525636540869, 5.431473760109392
1.727037084034233, 1.8161358289247294, 1.9049589472548176, 5.031634951654348
1.8265375532728139, 1.7275934707364697, 1.8616991249653843, 4.705355040148164
1.7686511708690171, 1.771250339133787, 1.730124104822, 3.2325819679273162
1.8641314589870412, 1.8566173857128907, 1.7639592172793725, 5.401091535144496
1.693525838820181, 1.715642705157241, 1.7219875606931987, 1.8298596431375873
1.7907928089455678, 1.8015146152239474, 1.7619703574997048, 4.083613956254749
1.6659177226250355, 1.7955174155059925, 1.7182472619653673, 2.3200242433979343
1.764367836292551, 1.61904882723752, 1.8109235628972944, 2.468083095225914
1.783578303220013, 1.67846330535486, 1.6694940655655455, 1.8336936781860464
1.6575634621403712, 1.6522274800708683, 1.691292980997928, 0.5159992243350291
1.654611839462061, 1.7139678509796454, 1.7481828806644, 1.684470415213197
1.5448367941489705, 1.544608024283717, 1.6198507726304638, -2.431357666028772
1.6498544934611634, 1.6627363136820568, 1.5380518318171637, -1.0036097074708688
1.5797345534080567, 1.6056446403071472, 1.7234917165542258, -0.4154453508138373
1.5704684045613513, 1.6913120194253415, 1.6965195339360857, 0.08383795881594687
1.7149409309696493, 1.6871973508457512, 1.5933878957885776, 0.4598603798381686
1.502507856121314, 1.6978993771325952, 1.4850142416938248, -2.672510354063288
1.6233477625830703, 1.6370606133056809, 1.5578541753090098, -1.3306813010327172
1.5083997057621212, 1.6806329425624276, 1.5748493850426653, -1.8799794609372302
1.5947647413142414, 1.4857121969118507, 1.4592613036668756, -4.144058162697295
1.626710165180264, 1.450967823668781, 1.447692349302177, -4.289188503523006
1.5493339482959103, 1.4924523702586907, 1.4335810341532056, -4.794269164567609
1.601534101029002, 1.4867199062997958, 1.5935110971396105, -2.7094433892079963
1.4776364308567822, 1.548938079573679, 1.422912182450929, -5.05568997089505
1.4950057745531278, 1.5051749109533865, 1.5734898401270039, -3.8013078218836553
1.4790216084964838, 1.4091333219032507, 1.4079468002127493, -6.605033024116321
1.420831103268056, 1.4950749693808636, 1.3640255993684323, -6.768366949319675
1.352306763203597, 1.472286381465319, 1.4237138409202021, -7.087808226372542
1.3295888575769326, 1.49190769825635, 1.4787164964090713, -6.563504522804505
1.4511880816843852, 1.4386668017755593, 1.3239114707223028, -7.436703493108609
1.444045222216529, 1.3849451319498276, 1.470068594026806, -6.575162139463003
1.3186010658342284, 1.5252346995653547, 1.4369691465158474, -6.759546344288579
1.4707773104658786, 1.4854179381253245, 1.4056310067519364, -5.941148935927884
1.2963853730226815, 1.3269475085508697, 1.430984821557296, -9.047295927971238
1.2805650297748756, 1.3180230297525701, 1.3427011230706536, -10.188998155574753
1.2604136701478197, 1.4200674738700727, 1.4531404448222336, -8.246246577372466
1.309547813902495, 1.4381981857146025, 1.4243880071957082, -7.857232254416107
1.398175380389628, 1.4292378992907064, 1.3085912331365575, -8.222176638213211
1.341896688166422, 1.4210871461355588, 1.227300061077059, -9.694102066878386
1.2100544927318426, 1.3209871366523445, 1.2103120664530667, -12.208548526896422
1.2354849832195167, 1.201015558090537, 1.2502735946967614, -12.759857212052372
1.374558101474634, 1.3304897464049057, 1.243154248434859, -10.119170744299003
1.2759711727946483, 1.2524438104745579, 1.3723151026818805, -10.598686000494073
1.2242499914458076, 1.2032302633737706, 1.1645652192628493, -13.71671238300578
1.2899677326784995, 1.2168850963595426, 1.1665473038214063, -12.894948152934859
1.2941818987945553, 1.3328386722954144, 1.3357206794335628, -9.972310600772397
1.3209369792321706, 1.3621110066400164, 1.218442511823407, -10.591005073781876
1.2251593303184933, 1.1286782074417174, 1.132473397397297, -14.784738028712042
1.1817594145870371, 1.1280497318335, 1.1235408672987028, -15.319696831118785
1.1541828390817905, 1.186813773163331, 1.2879428226639382, -13.3440461120297
1.1707690202645638, 1.212722098892709, 1.2027723606374658, -13.775116365709712
1.2132543379779575, 1.149108209475455, 1.3067642371965238, -12.93811328636428
1.1849463026764595, 1.1957301040498076, 1.189582242300662, -13.936781322960314
1.2859323344377405, 1.2042384490124352, 1.119557724170627, -13.538095882618151
1.1223275074240484, 1.1987117868436235, 1.0795838710359764, -15.650271057538907
1.091942685889809, 1.2420299314452632, 1.1632468688838826, -14.67455064425298
1.240916753009348, 1.1971718122555568, 1.2426792526865853, -12.820527091399086
1.1197327724854245, 1.1958413928166576, 1.2088765574943654, -14.399487648520733
1.1528252419478884, 1.2065744376468996, 1.1229168478087965, -14.825085581781972
1.1536393177165734, 1.247990819041688, 1.1724862338363968, -13.897814438437791
1.059163950270182, 1.0379404684067641, 1.1632066696220198, -17.067564764656908
1.053377260856127, 1.1473535648710949, 1.0998334328326227, -16.66096708525409
1.0106219398730145, 1.0743884403732233, 1.1031671208607852, -17.79618685750481
1.1844904727775087, 1.0320825343826323, 1.019369484376268, -17.313712206702935
1.131856733365154, 1.0735575738731646, 1.0528414079992363, -17.088326108711566
1.0494885074641327, 1.1675037478787793, 1.1091376109280944, -16.40272862352519
0.993654045267812, 1.0211458987870334, 0.9732799249903545, -19.817375060149494
0.9905255599741533, 1.1496976906133969, 0.9825098619990904, -18.45724128700363
1.065359575619027, 1.1027375419157297, 1.034525609016092, -17.65027548938536
1.0423078739821883, 1.1374238040085223, 1.061081303147206, -17.264515342041246
1.1394528820448482, 1.1061302968058162, 1.0883327331618706, -16.324081696843077
1.10897491813586, 1.1624760822540254, 1.1320088014533436, -15.621618163199704
1.1086407088867059, 0.9984391520914807, 1.1122431694679653, -17.48158555104897
1.1428845913197507, 0.9417500024268267, 1.0720516812717629, -18.11428005031979
1.0062987667829209, 1.0675115119330696, 1.0617080396743148, -18.32809779403732
1.131783144983656, 0.9438853863733632, 0.9243296404443921, -19.69698816362211
1.0516432809991574, 1.0794485561604994, 1.063036783967357, -17.736074534070568
1.0111025090250507, 1.032075193386161, 0.9270040782019645, -19.998163832190137
0.9867670085865882, 0.9155140975758287, 1.0322727009075743, -20.35804235282837
0.9474764524851549, 0.9356482053122829, 1.122207549973629, -19.64310901241346
1.074837062208755, 1.04846243453467, 1.1221056305839379, -17.21813002699633
1.078989433639104, 0.959484027565524, 1.0598261190984346, -18.704044643403407
1.0303746453135796, 1.0515269723870597, 0.9111995180871206, -19.76665519406303
1.1094343059132052, 1.0363308574033359, 1.1044690716597105, -17.16935116185604
0.8826564050996918, 0.9935504692562143, 1.1083042436325976, -19.853423050621174
0.8899632142774844, 0.8863261119056078, 1.0338773411407498, -21.614478107839982
1.0613508048468387, 1.003930105434913, 1.0136538928048167, -18.899648453671027
1.0191692551131162, 0.9705169778796513, 0.8867480822538404, -20.945107926801942
1.0603245915899477, 1.0545061669434839, 1.0026123897590564, -18.51067526977285
0.8819362630874843, 0.9390314412071746, 1.0353188812828242, -21.148620347702188
1.0511149311883856, 1.0233725653738042, 0.9463682439918533, -19.48630565096926
1.0067210515411935, 0.9996093303310637, 1.0775821683771543, -18.84936817929887
1.0306657854405805, 0.9622099074374444, 0.9249627792047648, -20.526884120375858
1.0148940441749636, 0.9105454585240774, 0.9307851659571739, -21.14924577114934
0.8736194819938892, 1.046420330246068, 0.9934132558499392, -20.571181130405083
0.9466725963509551, 0.9431298507245943, 0.8699448406698337, -22.123764770248652
0.8677373172684454, 0.9112171325094943, 0.9509490666847628, -22.425217005427246
1.0014256401194441, 1.0178904793694334, 0.9330061176108077, -20.178563261619338
1.006892849182473, 0.9193360638304902, 0.937890348598726, -21.069502407962734
0.9092560366855603, 0.991661421941474, 0.9609999900225059, -21.091742942933937
0.8788214224027034, 0.9046582728234595, 0.8856663035724991, -23.038929305064016
0.8872063998555764, 0.9186053386338132, 0.9578541210211653, -22.084183237267123
0.9995160792605193, 0.9385612614326158, 0.939827418765139, -20.930254954966927
0.9858707442508349, 0.8876832270062516, 0.8574519898981969, -22.41408120045168
0.8816075226957946, 0.8902682068923249, 0.9752842641088342, -22.250909154576224
0.9406899345563373, 0.9293942426895364, 0.8444004887506872, -22.580962969731704
0.9213436454442306, 0.9997482526569876, 0.9132366045992184, -21.370419164642055
0.9883258265970557, 0.8757627622027442, 0.8605777596344684, -22.47811769258315
0.9767809552840206, 0.8803659575495072, 0.9258900829074505, -21.88851519453557
1.018772749281508, 0.9200194893061778, 0.8977410216196143, -21.348148886794945
1.0239908609904789, 0.9221452776783088, 1.0061269202720062, -20.179161020800063
0.9747445193970936, 0.9717136909739498, 0.8489845438312611, -21.76320450300702
0.9279648776843755, 0.9517809362819228, 0.8487361493317925, -22.43957612830211
1.0749592628817521, 0.9352280248005355, 0.8965768037634201, -20.638746551053455
1.0692074647157122, 0.9731386130633389, 0.9180638565459507, -20.096869350252508
0.9896271846093819, 0.8744263950132448, 0.8864193812951112, -22.217444839214767
0.9276271998827128, 0.9218719648909732, 0.9726598758469481, -21.493343024033994
0.863747996179123, 0.9214202990584314, 0.8878694345856122, -22.999618890675084
1.0712338921603046, 0.8988741052234993, 0.9587321959291362, -20.415755623101617
1.0116338060989583, 0.924251205002168, 1.0130250632576208, -20.213029551931847
1.0525039464061972, 0.8869336224453674, 0.899611734428692, -21.322734310300437
0.9330525943852621, 0.9015248697220901, 0.9171833105422658, -22.204436619700825
0.964328756934917, 0.9763490587461836, 1.0193024697432274, -20.1012092381381
1.0716614618375269, 1.0077281154003705, 0.9579184146685971, -19.320121293873793
0.8985437844176531, 0.9616631043466949, 0.9794698928878454, -21.316396144927335
1.0716720205757273, 1.0601234669831943, 1.038343806146955, -17.97839097266791
1.0645389463377921, 0.9763308530605624, 0.9183715772108125, -20.108672963543764
0.9469518856853656, 1.090835730540118, 0.9023659698080982, -20.301478928953717
0.9142873507655488, 1.0126650784700506, 0.9335762034686641, -21.10577138682562
0.9816072754201458, 0.9061222929798155, 0.9223305616107628, -21.61555424231592
0.9327528141921142, 1.1317411315430643, 0.9902476416754389, -19.144024369589722
1.0849738142497969, 1.0890124432366404, 0.9970264597322417, -17.969568512942633
0.9430435172701709, 1.1193455217274404, 0.9872008855578072, -19.196061368127086
0.9837379834071964, 1.1433320883184526, 1.0873160576085972, -17.53145323904802
1.0920899415159535, 1.081274009061762, 1.0729567662046788, -17.20888164866268
1.0095655829460437, 0.9910239526924937, 0.9457028138420687, -20.239471217367615
0.9575682402352189, 0.9511832270058548, 1.0576828048574223, -20.036017453550542
1.039084810655778, 0.9476466607618202, 1.1585330685530653, -18.22965111140744
1.0770430708107417, 1.1674982521304682, 1.066449075163341, -16.555652544398473
1.1371839764828973, 1.066395438140782, 0.973899936102968, -17.904248982559118
1.1880733680040516, 1.061060155582945, 0.9708146814846516, -17.47527065584194
1.166301592778335, 1.1168525307238948, 1.0077306882216246, -16.75873927551662
1.010279664557564, 1.071895458486591, 1.197738743544445, -16.86955690314545
1.1230399558457616, 1.1726237761822098, 1.088677466849969, -15.814735364869284
1.11068253413626, 1.0072227059434407, 0.987506597268835, -18.632203663146104
1.0391277685393783, 1.1449244337194675, 1.1289853254336293, -16.534974467752775
1.0692639097685743, 1.2224348610849085, 1.041118977400911, -16.335174260056625
1.0864410704006466, 1.1100021154568496, 1.0801077011806686, -16.903526393553893
1.1841021246154648, 1.204504635651281, 1.2290187869844422, -13.458327805543552
1.03002376239753, 1.2008988005716847, 1.1735428775770471, -15.611460196502405
1.1900845801880808, 1.2207953427185017, 1.2594963016285676, -12.925492681463131
1.234213060266069, 1.2456078003612587, 1.10384535281091, -13.801351379411742
1.206746249729923, 1.1333588035513569, 1.2648081937572981, -13.586734878398198
1.2162837843128154, 1.0917537410308575, 1.0569528551940253, -16.010198176386883
1.2831071417350437, 1.1177780540501923, 1.096677921731849, -14.671079621039544
1.2235546683003697, 1.127220045735179, 1.129669538966506, -14.843997444423685
1.2713925221190336, 1.2198697976115525, 1.278459171899874, -11.922005135045858
1.1553022656839231, 1.1241497814500785, 1.2565041247145226, -14.283270991429049
1.188039058975902, 1.140733147861576, 1.14135940984484, -14.94816548805739
1.134679190522234, 1.3327878848940544, 1.2038740708201194, -12.91574599761204
1.3147085862587338, 1.3168557811920454, 1.3299557834155251, -9.984644940744403
1.3527783983313597, 1.2567419797355228, 1.226830105208266, -11.248985017422742
1.2819474650757952, 1.3072176694756783, 1.2364926327290877, -11.3569922496913
1.200314887751863, 1.283598152407304, 1.257377467556889, -12.209186790746905
1.1868974824134257, 1.2665650309183416, 1.3273622461798715, -11.809850914023846
1.2660245199457445, 1.2861201996654068, 1.3328247482552928, -10.75788416296521
1.1752908913002373, 1.3016688461229193, 1.4032710292040358, -10.80574983204856
1.3340148918085533, 1.2287452742530387, 1.3314468555743404, -10.664575539030986
1.3429076907011352, 1.1953863317482503, 1.3835568658028525, -10.385344563108706
1.2945838904977298, 1.3935285055106061, 1.3564180164100403, -9.146157450319429
1.396263739561973, 1.3296074119359547, 1.2800748734337477, -9.535898738063883
1.244427347925984, 1.234005113495802, 1.3602586363693066, -11.225342446554619
1.4582109189215067, 1.2958810264574143, 1.3540243712411584, -8.503875589696168
1.2863267202294237, 1.4151816181426624, 1.4239513034200206, -8.328690486948412
1.344303246045292, 1.3904305025302084, 1.4891684269193903, -7.334321459647566
1.4113496327033381, 1.2822147691576964, 1.3045198480237334, -9.615310607224563
1.31682223144832, 1.4667706734846673, 1.3620631126140819, -8.124686691443744
1.478821395110604, 1.477465947680327, 1.3519682735486762, -6.482266501620129
1.3374071785748933, 1.3860178911694905, 1.43977506743091, -7.947473361865716
1.4432176441613378, 1.4788854099038249, 1.5282096718024314, -5.047346203357634
1.3373436097647666, 1.3670859686070895, 1.4906399061917859, -7.6255607619834125
1.35570630013055, 1.4128110384334645, 1.3814247885834803, -8.08139265507581
1.4468410773376181, 1.4763314692926608, 1.3846802375301357, -6.486335513531163
1.4446712488427171, 1.5102653458144781, 1.4048372209538, -5.961880650393984
1.5559687035307268, 1.4413927206968842, 1.4614524532629078, -4.961475984944251
1.5722686865279905, 1.5951893894368554, 1.5367419074902433, -2.482828449948591
1.6244374298457227, 1.6004608597846806, 1.5757632520282345, -1.5084692761753737
1.5478202873633264, 1.6069434602850043, 1.6317786105110925, -1.6510872913189554
1.4275790462634093, 1.480434618433266, 1.59323578724087, -4.532833818812674
1.5631305558761899, 1.4574506278616983, 1.6032620708448238, -3.294512579972609
1.6373916513797682, 1.6065071702196219, 1.4969337712941593, -2.1128020919843484
1.6212614473322566, 1.5236161402689605, 1.4855453800213345, -3.2280508320954318
1.5485614049953875, 1.606761935650585, 1.7075413668316353, -0.880154469923152
1.4943790558992949, 1.6324340780114215, 1.5046495000137374, -3.2175491522782402
1.5104146258176292, 1.5841613788985236, 1.6757879395841082, -1.8145056131286712
1.6858658120093573, 1.6134406788443154, 1.5438008513404369, -1.0797238162211142
1.572644414736336, 1.698346342231288, 1.580551091802357, -0.994526780101197
1.7628114744759524, 1.674822272558498, 1.6899619472567746, 1.793895901931573
1.6651143809365387, 1.6135891858077034, 1.7567313481074487, 0.8629789378958695
1.5923011003691685, 1.7602180288370135, 1.5864529228933415, -0.11139341313612332
1.6117763866397783, 1.6683025857106055, 1.7294168128998062, 0.6009675277797014
1.7467210338275692, 1.7511843123776811, 1.6644616081989232, 2.1451207515573087
1.658747333640906, 1.7646279979104271, 1.6319608750279333, 1.064002086659258
1.6506648342246308, 1.845388829125049, 1.8166165556750618, 3.663335545704463
1.7522135932478466, 1.7375556822153286, 1.837052280843343, 3.806278346530489
1.7515799345545136, 1.821652972452747, 1.826322793581931, 4.540966672618102
1.782171072101664, 1.7878660798963502, 1.7433818035690791, 3.6708985410817507
1.6909414563358363, 1.702690561061205, 1.8697640172357402, 3.165616511442241
1.8136385431429785, 1.8406058593878865, 1.73427255074707, 4.429464174524594
1.9165246446075228, 1.7745612672465496, 1.9207542528816142, 6.685254189249363
1.7672069045697771, 1.8193663781829912, 1.7921503573232171, 4.330541818949353
1.7429775723042071, 1.9176068184396742, 1.8993617928801778, 6.161072561859185
1.956525636967935, 1.7766190727897004, 1.8790303172037284, 6.688636635973371
1.9098003256419107, 1.8450840509087556, 1.7743589216733435, 5.850942406303131
2.0018934731188796, 1.8552392012329828, 1.8968899401641774, 8.12144055066707
1.801733504896989, 1.937121550998824, 1.80309676001652, 5.979311271841753
1.88822109085816, 1.9930828540990562, 1.910817758435078, 8.506279832245397
1.85395684822107, 1.8432810364488925, 2.040513076476273, 7.957080415618544
2.0472676779466044, 1.9612948618091504, 1.9750984003519698, 10.44101959704773
2.0065398422720104, 1.9021247619591584, 2.0638713549571457, 10.328646052407224
1.9484714150189106, 1.9400162836340558, 1.899165163446247, 8.461140021204178
2.0772208926711664, 1.8900103536559134, 2.0738354247480912, 11.020875465405767
2.1136862420329074, 1.953640120045718, 2.110621653815162, 12.403515312058467
2.0566626308696607, 1.937575087274669, 2.120296653126021, 11.762973447175272
2.0059457424191183, 1.9651319119364372, 2.031945566547256, 10.636598190937493
1.979344422424434, 1.9485313946277107, 1.9875588194718377, 9.751865015393765
2.1492478334939333, 2.133413589693229, 2.072540991727059, 14.193963787012343
2.127856402501744, 2.1711389265838905, 2.1002840695018827, 14.639185844318362
2.011404499980745, 2.1612064389451606, 2.116217582142326, 13.52352041483062
2.0580722746585387, 2.128274372602043, 2.037005630937213, 12.862144224220145
2.1207271408675687, 2.217944790358197, 2.047405729422745, 14.505834956045568
2.049159205415762, 2.238132926975018, 2.084606500548786, 14.362612453935007
2.248662652785996, 2.1353685616002855, 2.0873639023830717, 15.367627442114683
2.0789540106888307, 2.2163469671017095, 2.1884835028686496, 15.49277253191101
2.16543755047403, 2.197857831440348, 2.131456932899128, 15.603558735489969
2.114675624792603, 2.1712872070496587, 2.157182059814502, 15.082271632896608
2.2319479044762462, 2.3116453358541285, 2.158168033692935, 17.694558323467778
2.3003196242334543, 2.268420547942222, 2.244082862838998, 18.816394293077526
2.339404145008134, 2.3317645209644238, 2.281167788710603, 20.225620754375363
2.2543994717836933, 2.2748790362799145, 2.187608370460447, 17.84734220731369
2.270008621277231, 2.229836233810247, 2.347235948996253, 19.162432364482132
2.2382265071759306, 2.296157932928328, 2.236057335886091, 18.3883007675793
2.305434483572808, 2.3801488024764685, 2.2837568095815652, 20.39737470334184
2.326153424828423, 2.4107848043106377, 2.1993398360377667, 20.063414799765926
2.4303118477653842, 2.3679250557928997, 2.308084743579649, 21.781026738767007
2.2903815121434707, 2.2819893568286607, 2.308289710406917, 19.50162201392979
2.3683023515847936, 2.3848557134063872, 2.3822084330685525, 22.07440907131044
2.4611831499665944, 2.435566246472035, 2.374407442075993, 23.446028671864877
2.3674469755797594, 2.3827976382071374, 2.40177725489547, 22.24264513820573
2.487712527758, 2.3043325442122677, 2.4684219618366585, 23.338050846534614
2.4913091859916188, 2.3899977368389647, 2.349294606874931, 23.036379087934495
2.403772432314294, 2.3648960682297826, 2.312534299227096, 21.527301007789628
2.479784104734273, 2.5114509311569155, 2.4762652210348413, 25.429295524505353
2.5118171201280806, 2.366175968827287, 2.4937390373025137, 24.461940669271527
2.5680181059144, 2.5227670166998966, 2.564603503355617, 27.32715783807993
2.367276933722641, 2.454209723908699, 2.496276688665997, 23.916801477750884
2.476106606093736, 2.5408710665814214, 2.540357000541511, 26.33671387087544
2.6169938234896883, 2.472306759515243, 2.619533747356611, 27.867013437995382
2.609756639145189, 2.4296441176178325, 2.453357490628613, 25.68442674132964
2.5837045265517316, 2.5453297765891496, 2.6379335972743347, 28.454221216315318
2.6102043958632435, 2.665206879020022, 2.5066734615596156, 28.606916529726078
2.588760968707838, 2.622831974895869, 2.6706304866165755, 29.618418487073566
2.5858124861937792, 2.6916661108704174, 2.5456054819332015, 29.021051303004025
2.6273716162358745, 2.5471556990219693, 2.6091910670241223, 28.623418002848144
2.634059113439893, 2.4895514323423256, 2.6786972389061967, 28.811189744327436
2.620012954445613, 2.57260475608946, 2.627524415026379, 28.99133460163083
2.665989188842319, 2.675348284099322, 2.584920318123625, 30.06321001076027
2.6249540475257214, 2.682973852628719, 2.649253580052242, 30.37557050713821
2.616705051686776, 2.7161055771414455, 2.712564171030703, 31.266412119787123
2.6574449472884982, 2.72084250588417, 2.7231116073421893, 31.832313742574325
2.705508238979496, 2.767790153001464, 2.736067960787624, 32.92289245220793
2.7113296203266124, 2.621844860941541, 2.5955133728023316, 30.087756101722068
2.7723601693510824, 2.716281596517948, 2.594041422392628, 31.64326452789555
2.7377189513172686, 2.7785264931909675, 2.8042044584816765, 34.04494851504963
2.786225850979371, 2.6569149772013376, 2.7940621200499938, 33.20407018414851
2.675146206787902, 2.8451942266418833, 2.6434481626843196, 32.462511071859645
2.8206178662104318, 2.823546488258289, 2.794504907006573, 35.23908344924539
2.8663858715686668, 2.8026341260296372, 2.8095415903727567, 35.64203624213193
2.7401220002246602, 2.7535192855383332, 2.6992581878896003, 32.756560339925194
2.840417781879253, 2.7896732266338344, 2.868182625572326, 35.84114781904458
2.833530740849191, 2.746638460927235, 2.8849896126643295, 35.50665469132078
2.8579328652541, 2.7129644192898046, 2.925652505628051, 35.823735254262175
2.746557892129317, 2.8061615137789517, 2.8749358695867184, 35.12783106560594
2.846793875207427, 2.796207524700116, 2.8975459918512114, 36.26815547231066
2.775922640194379, 2.9013096157769303, 2.848079585579214, 36.114261025762865
2.78013722119673, 2.75752970629312, 2.778768465722278, 34.00439791123362
2.887030620510419, 2.783183720002973, 2.7817903889444024, 35.37378514603834
2.9148232129850293, 2.935173160185438, 2.9060995833787078, 38.44541370251692
2.874659702554625, 2.843842785622868, 2.853635452723104, 36.58725192828886
2.8257383213793887, 2.8023417101257033, 2.9659446361207005, 36.80832997601811
2.8601540659977838, 2.963124252413848, 2.9970795359980165, 39.09452378191565
2.888498252706307, 3.0180101553504413, 2.821648480277471, 38.16320089226484
2.9337493564836685, 2.8983948276446063, 2.8976136727983404, 38.17937229218804
2.8685473831771455, 2.9011480349280308, 3.058817457299878, 39.176897731364186
2.8683490541767065, 2.846971440675953, 2.9457454648277435, 37.485514744246494
2.9155378458687977, 3.0131369317560295, 3.0394353087711705, 40.586970569656536
2.923163454717398, 3.046064875278318, 2.9328391500548303, 39.919873535864106
2.974025878499853, 3.0246455310420455, 3.0905077743178198, 41.80989074605777
2.9566088631829373, 2.934176799612244, 2.9180181226675246, 38.97781601477481
2.898363548034248, 3.0364147684584535, 2.8902837167030606, 39.14204073935113
3.117657168823271, 2.961266322101607, 2.9168500777473443, 40.86639968355781
3.074359294133102, 2.9898100944818093, 3.08128288555723, 42.37830579971861
3.1023686946719606, 3.050999351692601, 3.0962299041661563, 43.430282328593115
3.089574869572283, 3.0778512573497916, 2.946374342372385, 42.05859059893394
3.149951285914494, 3.057367151277089, 3.093166406639495, 43.94429135182907
3.157262851454875, 3.0780886684125845, 2.9468275489791167, 42.749283523702786
3.1702202096842775, 3.0833475893287363, 2.987589852844127, 43.34502678643577
3.02955836014119, 3.098434400354791, 3.0377836585098352, 42.58360019197794
3.072932979276303, 3.0255456518806616, 2.967879117323834, 41.57937119677575
3.1054284144989492, 2.991397114558035, 3.066897526034803, 42.56285914234129
3.1733009601644047, 3.124379078254965, 3.2015234635790875, 45.95155052523694
3.2031017028447106, 3.1392730945262532, 3.2155487357101014, 46.544682152334
3.105611201824729, 3.1229583111434045, 3.016541503394073, 43.38495976123442
3.064733830117285, 3.0462519851328618, 3.145425942301008, 43.499108662132876
3.154147411370843, 3.114052688929232, 3.152094385268308, 45.15448975321599
3.0799664607639667, 3.120995169539294, 3.1042205228015627, 43.99173892025075
3.1375344848328095, 3.0533125617470334, 3.0752733741037623, 43.59717596650106
3.0466657526496066, 3.033167745234214, 3.222889470387969, 43.966898669412025
3.2047082564928115, 3.2527088914127753, 3.234554639836478, 47.89870492668752
3.1299446087594123, 3.1292283380769894, 3.0926350004347722, 44.462706538092675
3.2270270438614723, 3.156397724448662, 3.203148280889716, 46.8340712040389
3.1374476193943246, 3.241545649149414, 3.1916212715556993, 46.67287414241857
3.2836284508889486, 3.1331851638858192, 3.218660773972086, 47.328024128756105
3.209072790384505, 3.2274061445382443, 3.2757687995682376, 48.10351246960594
3.2584157698032703, 3.1073676896213165, 3.079731340415299, 45.40924040242309
3.139210645884394, 3.1653402442707566, 3.2722100388739945, 46.734958879082264
3.280689925622877, 3.112318248222577, 3.186589908506571, 46.763616993454804
3.0957173513830893, 3.2948280749697463, 3.0862792569104576, 45.72550185114438
3.250456839636347, 3.225975730627386, 3.151462675612036, 47.25146713005828
3.3, 3.3, 3.2013159615797333, 49.27391354397101
3.1249295897319143, 3.3, 3.1681788755165274, 46.917825797079495
3.1952867206219895, 3.2896255337998905, 3.199612894836378, 47.82348635614403
3.25520531278715, 3.108562989930397, 3.1867154240307447, 46.46953259341709
3.122187455598847, 3.261941011243468, 3.1234105347342234, 46.035747490672115
3.2535729636334962, 3.1172709080973715, 3.1782265708703057, 46.455256995971446
3.185214247740501, 3.200869843508002, 3.3, 48.28781406305733
3.283976157951456, 3.2600147034959504, 3.254224081182205, 48.97186810736983
3.1755983520740587, 3.1622195146333825, 3.223182851283139, 46.57576482818769
3.2778239385291483, 3.2680772617652685, 3.3, 49.861237988550606
3.2177909944115517, 3.172865432975961, 3.2145508986463738, 47.02229622256451
3.3, 3.1894660315898737, 3.3, 49.21217735542902
3.2475885749972258, 3.3, 3.163149037510118, 48.2967103621938
3.2123663805602076, 3.176947185391587, 3.2613156618679855, 47.481103311310925
3.3, 3.218573692953682, 3.2161249321751266, 48.869148500481764
3.263272141657571, 3.1675572710949793, 3.2299754171579917, 47.58388717081357
3.217116883257803, 3.3, 3.1536127949381876, 47.80425953488827
3.3, 3.3, 3.3, 51.15129798362985
3.3, 3.1885452553888753, 3.1642910533146886, 48.13471715829909
3.3, 3.1595438706512597, 3.1899197478784957, 47.861487615948356
3.165045341493172, 3.3, 3.2574837190066805, 48.614738314020336
3.3, 3.3, 3.192402886480095, 50.060128882103434
3.2933340023185185, 3.3, 3.223050486462687, 49.456586937889455
3.177417600416127, 3.291749291540103, 3.238248813749676, 48.05470409803946
3.2636657925647046, 3.2109454522606256, 3.236175966061081, 48.08875970592336
