1.28282110618, -10.9916
1.28197286326, -11.017
1.24734139128, -12.0575
1.2361136385, -12.3948
1.27587345697, -11.2003
1.17135178439, -14.3404
1.22880903066, -12.6142
1.20474526961, -13.3372
1.09634649867, -16.5937
1.09686667376, -16.5781
1.19310801076, -13.6868
1.27570020755, -11.2055
1.17623502032, -14.1937
1.25579584985, -11.8035
1.17703912963, -14.1695
1.12318978188, -15.7873
1.19031299801, -13.7707
1.25866115481, -11.7174
1.16617820826, -14.4958
1.2517202859, -11.9259
1.25146682343, -11.9335
1.29335256454, -10.6752
1.21219071797, -13.1135
1.24714042808, -12.0635
1.1065096916, -16.2884
1.14992466064, -14.9841
1.16753014141, -14.4552
1.12973900893, -15.5905
1.30286009685, -10.3895
1.16888060959, -14.4146
1.29045712599, -10.7622
1.17405507843, -14.2592
1.27917680326, -11.1011
1.26513481612, -11.5229
1.30938796716, -10.1934
1.2833934333, -10.9744
1.19223949223, -13.7129
1.14625617874, -15.0943
1.3177651059, -9.94176
1.14425810533, -15.1543
1.3175890325, -9.94706
1.25748366664, -11.7528
1.20434416373, -13.3492
1.29578281223, -10.6022
1.29988864742, -10.4788
1.16919420674, -14.4052
1.32189745662, -9.81762
1.24279089722, -12.1942
1.24795629078, -12.039
1.26793952308, -11.4386
1.27279698514, -11.2927
1.30638496868, -10.2837
1.33381866872, -9.45948
1.34502035898, -9.12295
1.25741105217, -11.7549
1.32570089823, -9.70336
1.35303010446, -8.88232
1.17583074407, -14.2058
1.18687075795, -13.8741
1.36020826089, -8.66667
1.36147924494, -8.62849
1.35591238709, -8.79573
1.35207440132, -8.91103
1.23498733386, -12.4286
1.23887855995, -12.3117
1.24076944702, -12.2549
1.19474316159, -13.6376
1.32484729059, -9.729
1.21842812781, -12.9261
1.36654856796, -8.4762
1.24480649628, -12.1336
1.25165838236, -11.9278
1.33284959664, -9.48859
1.21944241752, -12.8956
1.37018327158, -8.367
1.38400886804, -7.95164
1.25547118226, -11.8132
1.36517898205, -8.51734
1.39450360918, -7.63636
1.23351867193, -12.4727
1.2395833388, -12.2905
1.30438634146, -10.3437
1.32943988443, -9.59103
1.30860043209, -10.2171
1.4377342421, -6.3376
1.28175790656, -11.0235
1.42071503079, -6.8489
1.41680454291, -6.96638
1.41543383851, -7.00756
1.40505806482, -7.31928
1.32259264628, -9.79673
1.3389343221, -9.30579
1.47224040496, -5.30096
1.29111783457, -10.7423
1.34150204279, -9.22865
1.37975265849, -8.07951
1.46186282888, -5.61272
1.3765180727, -8.17669
1.43708371603, -6.35715
1.36810446491, -8.42945
1.39444350187, -7.63816
1.31694236217, -9.96648
1.45363599077, -5.85988
1.49306659172, -4.67529
1.49548135192, -4.60275
1.3706440966, -8.35315
1.49008600941, -4.76484
1.38430764511, -7.94267
1.45598664485, -5.78926
1.5243026374, -3.73689
1.46861735619, -5.40981
1.3595020731, -8.68789
1.43561540624, -6.40126
1.382516603, -7.99648
1.46397819586, -5.54918
1.37830033075, -8.12314
1.45694195729, -5.76056
1.42596137328, -6.69129
1.48052788994, -5.05198
1.42591494577, -6.69268
1.53449559403, -3.43066
1.54693480161, -3.05696
1.59680054788, -1.55887
1.4180767027, -6.92817
1.44230828547, -6.20019
1.58694998329, -1.85481
1.45125150113, -5.93151
1.55194317744, -2.90649
1.523902587, -3.74891
1.61101580086, -1.13181
1.53204469421, -3.5043
1.63985132171, -0.265526
1.48419526181, -4.94181
1.5532999933, -2.86573
1.53953992129, -3.27912
1.5011913356, -4.4312
1.66545991531, 0.503819
1.62862992892, -0.602642
1.56245790752, -2.59061
1.69545886666, 1.40506
1.64354758942, -0.154484
1.63366136206, -0.451485
1.61459783903, -1.0242
1.56977221508, -2.37087
1.65545992189, 0.203392
1.57526164145, -2.20596
1.63318534583, -0.465786
1.62151628562, -0.816357
1.7015459929, 1.58793
1.73042467199, 2.45551
1.60614448749, -1.27816
1.73897325326, 2.71233
1.71793707897, 2.08036
1.69427454601, 1.36948
1.59914158629, -1.48854
1.78103534982, 3.97598
1.60323369035, -1.3656
1.74358396769, 2.85085
1.79868178055, 4.50612
1.68704997132, 1.15244
1.79891081616, 4.513
1.70602921099, 1.72261
1.76202732083, 3.40493
1.65689069241, 0.24638
1.69343348496, 1.34421
1.71587791845, 2.01849
1.75923338967, 3.321
1.80984235648, 4.84141
1.79030973907, 4.25461
1.78246328708, 4.01888
1.83086136321, 5.47287
1.89179467406, 7.30346
1.77148038124, 3.68893
1.75377283239, 3.15695
1.83758709808, 5.67493
1.73599402406, 2.62283
1.88122440704, 6.9859
1.93030011927, 8.46025
1.80775517882, 4.77871
1.82492455319, 5.29452
1.89832923658, 7.49977
1.83992373813, 5.74513
1.94648582035, 8.94651
1.91129827414, 7.88939
1.85893622168, 6.31631
1.95649678808, 9.24726
1.9683963641, 9.60475
1.91673975268, 8.05286
1.98113482266, 9.98745
1.96591968181, 9.53035
1.99975631499, 10.5469
1.92812084405, 8.39478
1.98144311151, 9.99671
1.97887536711, 9.91957
1.92552757138, 8.31687
1.99132891353, 10.2937
1.93195439094, 8.50995
1.92290965782, 8.23822
2.00077654509, 10.5775
2.05003708631, 12.0574
1.93081621476, 8.47575
2.0281202483, 11.399
2.00221095465, 10.6206
2.0929680535, 13.3472
2.06206409296, 12.4188
2.11313914612, 13.9532
1.94886836556, 9.01809
2.05399478611, 12.1763
2.10468335343, 13.6991
2.10712293007, 13.7724
2.02676560651, 11.3583
2.10936935519, 13.8399
2.13210275304, 14.5229
2.09997076849, 13.5576
2.08951319318, 13.2434
2.1212309703, 14.1963
2.14338596628, 14.8619
2.05530275689, 12.2156
2.18079776318, 15.9858
2.13963172303, 14.7491
2.13851411068, 14.7155
2.08551212817, 13.1232
2.20066855855, 16.5828
2.05185657234, 12.1121
2.21035336071, 16.8737
2.08892995472, 13.2259
2.25339286337, 18.1667
2.21209185015, 16.926
2.13121279831, 14.4961
2.09244633635, 13.3315
2.23373794007, 17.5763
2.29430828569, 19.3959
2.24567567556, 17.9349
2.30510671656, 19.7203
2.17247998433, 15.7359
2.2028571799, 16.6485
2.27364473763, 18.7751
2.28354729488, 19.0726
2.23134001221, 17.5042
2.31396974333, 19.9866
2.24451072833, 17.8999
2.33353220648, 20.5743
2.24306859869, 17.8566
2.32660106785, 20.3661
2.21938832923, 17.1452
2.37704116148, 21.8814
2.38914296645, 22.245
2.26331778161, 18.4649
2.34709594498, 20.9818
2.30793512337, 19.8053
2.34905667948, 21.0407
2.37070224119, 21.691
2.36119123447, 21.4053
2.4139291477, 22.9896
2.39373997652, 22.3831
2.38490660813, 22.1177
2.44301692428, 23.8635
2.34126283372, 20.8066
2.43577938149, 23.6461
2.40294031027, 22.6595
2.37250650428, 21.7452
2.38001225577, 21.9707
2.52802909861, 26.4175
2.47037074331, 24.6853
2.41125691975, 22.9094
2.53333890727, 26.577
2.44867318429, 24.0334
2.4143695133, 23.0029
2.3930056369, 22.361
2.41365068146, 22.9813
2.3967699387, 22.4741
2.43324199551, 23.5698
2.47691048289, 24.8817
2.42763711037, 23.4014
2.44136644909, 23.8139
2.61766638866, 29.1104
2.57385901882, 27.7943
2.5664842825, 27.5727
2.5359469547, 26.6553
2.53073351189, 26.4987
2.60626097293, 28.7677
2.64364957382, 29.891
2.48589515979, 25.1517
2.51021764895, 25.8824
2.56241097981, 27.4504
2.50990603925, 25.873
2.65859451198, 30.34
2.70319330353, 31.6798
2.67703076413, 30.8938
2.71220933159, 31.9507
2.69684409607, 31.4891
2.71637368626, 32.0758
2.70061621038, 31.6024
2.73235024127, 32.5558
2.72314339661, 32.2792
2.68858479145, 31.2409
2.62700242868, 29.3909
2.75758954511, 33.314
2.59154014032, 28.3255
2.68838976065, 31.2351
2.70465355404, 31.7237
2.62640726192, 29.373
2.71472518888, 32.0263
2.69937754388, 31.5652
2.63048724473, 29.4955
2.78263206271, 34.0663
2.74839930891, 33.0379
2.76090180114, 33.4135
2.83820737674, 35.736
2.71549754773, 32.0495
2.69058117592, 31.3009
2.73442929518, 32.6182
2.73215986673, 32.55
2.73244492294, 32.5586
2.89341415171, 37.3945
2.71687127254, 32.0907
2.83500067587, 35.6396
2.89116941792, 37.3271
2.83968954821, 35.7805
2.84687655209, 35.9964
2.93253451456, 38.5698
2.75598146078, 33.2657
2.80165834704, 34.6379
2.85403723699, 36.2115
2.9255808655, 38.3609
2.88074772496, 37.014
2.82026422344, 35.1969
2.89637415705, 37.4834
2.96196041761, 39.4538
2.85087704412, 36.1166
2.98336179963, 40.0967
2.82043508957, 35.202
2.93491512668, 38.6413
2.84164366214, 35.8392
3.01905276725, 41.169
3.00667689969, 40.7972
2.92592338601, 38.3712
2.98446093305, 40.1298
2.90598152479, 37.7721
2.88743298965, 37.2148
3.00283861769, 40.6819
3.04319965176, 41.8944
2.89193220419, 37.35
2.94014365695, 38.7984
2.99319580716, 40.3922
3.06617372512, 42.5846
2.97870578312, 39.9569
3.06950947909, 42.6848
2.98811114457, 40.2394
3.10033958673, 43.611
2.98307960873, 40.0883
2.96393548609, 39.5131
2.95391045835, 39.212
3.04431241842, 41.9278
3.03946609623, 41.7823
3.04262182569, 41.8771
3.11502958172, 44.0524
3.00525748702, 40.7545
3.04537653551, 41.9598
3.00979104092, 40.8907
3.0014219816, 40.6393
3.08474128693, 43.1424
3.08491685165, 43.1477
3.05828686642, 42.3477
3.15184364036, 45.1583
3.1213378276, 44.2419
3.16559634184, 45.5715
3.20674867231, 46.8078
3.15385085005, 45.2186
3.19605671512, 46.4866
3.15473158689, 45.2451
3.11758998581, 44.1293
3.14721074552, 45.0192
3.12229373405, 44.2706
3.24495357511, 47.9556
3.23868168355, 47.7672
3.19891994586, 46.5726
3.22486987385, 47.3522
3.2530328587, 48.1983
3.1672955569, 45.6226
3.18041857286, 46.0168
3.13799043483, 44.7422
3.25022678197, 48.114
3.18999361204, 46.3045
3.24500339931, 47.9571
3.21890690639, 47.1731
3.164374548, 45.5348
3.3, 49.6093
3.17847416279, 45.9584
3.29101009513, 49.3392
3.14116817449, 44.8376
3.21043444953, 46.9186
3.14791793085, 45.0404
3.24697551399, 48.0163
3.3, 49.6093
3.19543374523, 46.4679
3.26454564529, 48.5442
3.17275311026, 45.7865
3.2436806768, 47.9173
3.3, 49.6093
3.29857450372, 49.5665
3.27737043998, 48.9295
3.3, 49.6093
3.3, 49.6093
3.24960591108, 48.0954
3.23527700307, 47.6649
3.2437073851, 47.9181
3.29871727643, 49.5708
3.3, 49.6093
3.2622405496, 48.4749
3.28615025399, 49.1932
3.3, 49.6093
3.29406410742, 49.431
3.27758864922, 48.936
3.3, 49.6093
3.3, 49.6093
3.3, 49.6093
3.3, 49.6093
3.3, 49.6093
3.3, 49.6093
3.3, 49.6093
3.26465702762, 48.5475
3.27005152281, 48.7096
3.3, 49.6093
3.27799239067, 48.9482
3.3, 49.6093
3.3, 49.6093
3.3, 49.6093
3.3, 49.6093
3.3, 49.6093
3.3, 49.6093
3.3, 49.6093
3.3, 49.6093
3.3, 49.6093
3.3, 49.6093
3.3, 49.6093
3.3, 49.6093
3.3, 49.6093
3.3, 49.6093
3.3, 49.6093
3.3, 49.6093
3.3, 49.6093
3.3, 49.6093
3.3, 49.6093
3.3, 49.6093
3.3, 49.6093
3.3, 49.6093
3.3, 49.6093
3.3, 49.6093
3.3, 49.6093
3.3, 49.6093
3.3, 49.6093
3.3, 49.6093
3.3, 49.6093
3.3, 49.6093
3.3, 49.6093
3.3, 49.6093
3.3, 49.6093
3.3, 49.6093
3.3, 49.6093
3.3, 49.6093
3.3, 49.6093
3.3, 49.6093
3.3, 49.6093
3.3, 49.6093
3.3, 49.6093
3.3, 49.6093
3.3, 49.6093
3.3, 49.6093
3.3, 49.6093
3.3, 49.6093
3.3, 49.6093
3.3, 49.6093
3.3, 49.6093
3.3, 49.6093
3.3, 49.6093
3.3, 49.6093
3.3, 49.6093
3.3, 49.6093
3.3, 49.6093
3.3, 49.6093
3.3, 49.6093
3.3, 49.6093
3.3, 49.6093
3.3, 49.6093
3.3, 49.6093
3.3, 49.6093
3.3, 49.6093
3.3, 49.6093
3.3, 49.6093
3.3, 49.6093
3.3, 49.6093
3.3, 49.6093
3.3, 49.6093
3.3, 49.6093
3.3, 49.6093
3.3, 49.6093
3.3, 49.6093
3.3, 49.6093
3.3, 49.6093
