0.93414590772, -21.4657
0.929058115847, -21.6186
0.904696366406, -22.3504
0.914536127963, -22.0548
0.856255493888, -23.8057
0.954460453177, -20.8554
0.909123791338, -22.2174
0.862796126238, -23.6092
0.928345332442, -21.64
0.903472232319, -22.3872
0.849269254902, -24.0155
0.896171666283, -22.6065
0.828840532777, -24.6293
1.00408374391, -19.3647
0.981655657434, -20.0384
0.913570461809, -22.0838
0.855976183674, -23.8141
0.925888690109, -21.7138
1.01492506972, -19.039
0.988304407603, -19.8387
0.962529925538, -20.613
0.992033856824, -19.7267
0.981250593703, -20.0506
0.986268911467, -19.8998
0.884602415472, -22.9541
0.976042340625, -20.2071
0.948329670827, -21.0396
0.908895908218, -22.2243
0.870344830002, -23.3824
0.874683873196, -23.252
1.00920406947, -19.2108
0.886222372572, -22.9054
1.0358291906, -18.411
1.01282826909, -19.102
0.918614679552, -21.9323
1.07129907832, -17.3454
1.08700226212, -16.8736
1.08166053493, -17.0341
0.932464508928, -21.5162
0.941276705107, -21.2515
1.07942172627, -17.1014
1.10488992341, -16.3363
1.11050971976, -16.1674
1.02640384798, -18.6941
1.11871616458, -15.9209
1.03049465735, -18.5712
1.10906594418, -16.2108
1.1662521177, -14.4929
1.142818989, -15.1968
1.17204900285, -14.3187
1.04175431331, -18.233
1.15653170112, -14.7849
1.03365736553, -18.4762
1.19681750887, -13.5746
1.06250425462, -17.6096
1.12940876186, -15.5997
1.1730490731, -14.2887
1.22897716315, -12.6085
1.1609456125, -14.6523
1.23656013992, -12.3807
1.12325284261, -15.7846
1.23619705558, -12.3916
1.20032224635, -13.4693
1.2503727283, -11.9657
1.14739239429, -15.0594
1.17611972127, -14.1964
1.27232146939, -11.3064
1.24533187283, -12.1172
1.30057915298, -10.4575
1.28586183564, -10.8996
1.28920412673, -10.7992
1.37649442547, -8.17683
1.40081325665, -7.44625
1.32013523576, -9.86995
1.32923692481, -9.59652
1.44823359296, -6.02167
1.32549430856, -9.70896
1.30184543122, -10.4194
1.32109484866, -9.84113
1.42659727044, -6.67166
1.37850906196, -8.11631
1.47932291274, -5.0877
1.4847496895, -4.92467
1.44780510489, -6.03455
1.51523344532, -4.00889
1.42034117774, -6.8596
1.42325092847, -6.77219
1.45982605645, -5.67341
1.429650735, -6.57993
1.44259597183, -6.19104
1.61316455931, -1.06688
1.52373036316, -3.75362
1.56892805719, -2.39581
1.5659668455, -2.48477
1.54722719411, -3.04774
1.52981137285, -3.57094
1.59443441275, -1.62956
1.60831747272, -1.21249
1.57170237284, -2.31247
1.75738328099, 3.26569
1.74880454313, 3.00797
1.63852886279, -0.30489
1.63539766071, -0.398956
1.6697612796, 0.633385
1.79076534911, 4.26854
1.66380839249, 0.454548
1.69106362973, 1.27334
1.71985636606, 2.13832
1.77024449014, 3.65206
1.85644784669, 6.24175
1.81214028987, 4.91068
1.91825200956, 8.09845
1.84657961371, 5.9453
1.96537502815, 9.51411
1.97035145057, 9.6636
1.91146411523, 7.89453
1.95800727621, 9.29277
1.97532716534, 9.81308
1.95550294107, 9.21753
1.93443538157, 8.58463
2.05562510285, 12.2254
1.90438982741, 7.68201
2.09076772179, 13.2811
1.93901049899, 8.72207
2.04444809555, 11.8896
2.03163464177, 11.5047
2.10491463307, 13.7061
2.08761005644, 13.1862
2.10261203916, 13.6369
2.18357044516, 16.069
2.05604758624, 12.2381
2.05683807294, 12.2618
2.06258075601, 12.4343
2.17924664833, 15.9392
2.10310522762, 13.6517
2.10341103296, 13.6609
2.2492775899, 18.043
2.1246790445, 14.2999
2.30644751248, 19.7605
2.28026146702, 18.9738
2.2923460612, 19.3368
2.19941758486, 16.5451
2.32826853027, 20.416
2.27205153242, 18.7272
2.32488341698, 20.3143
2.31386128354, 19.9832
2.38870820553, 22.2317
2.41201347696, 22.9319
2.37127916256, 21.7081
2.46563461938, 24.5427
2.35770095778, 21.3002
2.35750076446, 21.2942
2.39924954301, 22.5484
2.38470567671, 22.1115
2.42761249875, 23.4005
2.53957407222, 26.764
2.41818477293, 23.1172
2.48514391003, 25.1288
2.56521899782, 27.5344
2.48007905718, 24.9767
2.53015195228, 26.4809
2.63194364044, 29.5389
2.61830658359, 29.1292
2.56670744112, 27.5791
2.59998528189, 28.5788
2.54904259962, 27.0484
2.56138501122, 27.4192
2.62889189396, 29.4472
2.73752236069, 32.7107
2.72186448836, 32.2403
2.75354880636, 33.1921
2.7433885089, 32.8869
2.69246483926, 31.3571
2.76859288326, 33.6441
2.76601564789, 33.5667
2.77093230451, 33.7144
2.67373961803, 30.7945
2.69767509279, 31.5136
2.77132951158, 33.7263
2.68339933627, 31.0847
2.87631874133, 36.8803
2.70554981367, 31.7502
2.73954292371, 32.7714
2.73079199123, 32.5085
2.8446840486, 35.93
2.77199122467, 33.7462
2.76419412143, 33.5119
2.82552576275, 35.3544
2.82847540627, 35.4431
2.93404168361, 38.6144
2.85032747485, 36.0995
2.88109560953, 37.0238
2.98121662008, 40.0316
2.87802622127, 36.9316
2.96947465383, 39.6789
2.92813970668, 38.4371
2.96501113218, 39.5448
2.96110256624, 39.4274
2.87314922567, 36.7851
2.87821677577, 36.9374
2.9224642834, 38.2666
2.90717333217, 37.8073
3.00654944163, 40.7927
3.10070195337, 43.6212
3.10490131307, 43.7473
2.98455392412, 40.1319
3.09236988632, 43.3709
3.07169621143, 42.7498
3.07687367545, 42.9053
3.07420210902, 42.8251
3.0533370201, 42.1983
3.15353360599, 45.2083
2.97430601018, 39.824
3.07993600029, 42.9973
3.1068434217, 43.8057
3.18306338116, 46.0955
3.082798238, 43.0833
3.19573473423, 46.4761
3.17562401424, 45.872
3.07457819518, 42.8364
3.10376411509, 43.7132
3.04869605523, 42.0588
3.04623986444, 41.9851
3.05500986146, 42.2485
3.12066471825, 44.2209
3.04853832463, 42.0541
3.17784992572, 45.9388
3.24083106822, 47.8309
3.15055568572, 45.1189
3.10382170122, 43.7149
3.10629869753, 43.7893
3.25725601669, 48.3243
3.18230654635, 46.0727
3.24691977398, 48.0138
3.25093975675, 48.1346
3.15128621523, 45.1408
3.09756696196, 43.527
3.17696165, 45.9121
3.11492667996, 44.0485
3.21662249136, 47.1036
3.25539909233, 48.2685
3.21972465531, 47.1968
3.11867660999, 44.1612
3.17719795215, 45.9192
3.14759144008, 45.0298
3.13363083337, 44.6104
3.25222773165, 48.1733
3.20158554282, 46.6519
3.19941185962, 46.5866
3.11847367877, 44.1551
3.11388551591, 44.0172
3.28695840332, 49.2166
3.20672711117, 46.8064
3.24877002156, 48.0694
3.29489308406, 49.455
3.11005948886, 43.9023
3.14109971566, 44.8348
3.13525348144, 44.6592
3.25438823263, 48.2382
3.1263938634, 44.393
3.26214792669, 48.4713
3.18014982255, 46.0079
3.24141537564, 47.8484
3.23589692333, 47.6827
3.25796031383, 48.3455
3.16263110036, 45.4816
3.13524036136, 44.6588
3.19917957999, 46.5796
3.12397597313, 44.3204
3.16794036422, 45.6411
3.14006406851, 44.8037
3.23187144804, 47.5617
3.08580809772, 43.1737
3.15932469974, 45.3823
3.09431956077, 43.4294
3.18171757119, 46.055
3.10761202237, 43.8288
3.14856904406, 45.0592
3.19497877557, 46.4534
3.10148662816, 43.6448
3.057403207, 42.3204
3.13150582725, 44.5466
3.02513096902, 41.3509
3.06472316111, 42.5403
3.15877950784, 45.3659
3.0292387951, 41.4743
3.10568955107, 43.771
3.01758301387, 41.1242
3.07695775993, 42.9079
3.16380084497, 45.5168
3.08854476281, 43.256
3.12571460335, 44.3726
3.1287400356, 44.4635
3.10016248159, 43.605
3.1187622358, 44.1637
2.99854629856, 40.5523
3.11100817804, 43.9308
3.03236774014, 41.5683
2.94210268669, 38.8566
2.96475764996, 39.5372
2.90203286262, 37.6528
3.02070432304, 41.2179
3.0412468621, 41.8351
3.01024310604, 40.9036
3.02635118671, 41.3876
3.03471563267, 41.6388
3.01424894048, 41.024
2.95210812915, 39.1572
2.90165019329, 37.6413
2.88669891938, 37.1922
2.96872241086, 39.6563
2.93542976813, 38.6561
2.83403137704, 35.61
2.88852779907, 37.2471
2.87098913714, 36.7202
2.80014975374, 34.5921
2.85849792791, 36.345
2.83394994303, 35.6075
2.77659523832, 33.8845
2.80530171213, 34.7469
2.70200172551, 31.6436
2.67922288791, 30.9593
2.84388697424, 35.906
2.65836626253, 30.3327
2.80401163809, 34.7081
2.69980553759, 31.5776
2.68719413308, 31.1987
2.76135865697, 33.4268
2.78157374476, 34.034
2.69783652021, 31.5184
2.69784297356, 31.5186
2.6879482808, 31.2214
2.62836965196, 29.4315
2.61497488335, 29.0292
2.5463339091, 26.9671
2.51988059295, 26.1724
2.61890265, 29.1471
2.60148140037, 28.6238
2.61943873332, 29.1632
2.59445044861, 28.4126
2.45056212954, 24.0899
2.52781174571, 26.4106
2.51893689944, 26.144
2.46652259907, 24.5694
2.53978381438, 26.7703
2.52947348003, 26.4605
2.42294505246, 23.2603
2.49253262798, 25.3508
2.4555266498, 24.2391
2.42483843683, 23.3171
2.48954990564, 25.2612
2.33182052154, 20.5227
2.39694171387, 22.4791
2.33193974101, 20.5263
2.44504685014, 23.9242
2.3621992884, 21.4354
2.2583985686, 18.317
2.30464154738, 19.7062
2.35854945536, 21.3257
2.21963980838, 17.1526
2.33318008544, 20.5636
2.33551647305, 20.6338
2.16872774535, 15.6231
2.19791227602, 16.4999
2.13351553385, 14.5653
2.28228146681, 19.0345
2.19418182791, 16.3878
2.20776440652, 16.7959
2.10202307305, 13.6192
2.08203070175, 13.0186
2.14373445245, 14.8723
2.06570535367, 12.5282
2.10137716684, 13.5998
2.05380807555, 12.1708
2.03285571485, 11.5413
2.12673578662, 14.3616
2.09834232114, 13.5087
1.94972692026, 9.04401
1.96133037166, 9.3926
2.06366387051, 12.4669
1.99962388627, 10.543
2.00052961282, 10.5702
2.00389893858, 10.6714
1.96074132657, 9.3749
1.98094939935, 9.98198
1.86857182647, 6.60598
1.81783775489, 5.08184
1.9007975317, 7.57409
1.78423886224, 4.07248
1.89578116374, 7.42339
1.7458929728, 2.92051
1.76812096789, 3.58827
1.75765800277, 3.27394
1.73728845367, 2.66201
1.80599520201, 4.72607
1.77183120054, 3.69973
1.82546249653, 5.3109
1.73691944267, 2.65092
1.64618517916, -0.0748825
1.70163491123, 1.59092
1.77680313051, 3.84909
1.74973226867, 3.03584
1.58196865316, -2.00405
1.64153713732, -0.214516
1.56182294771, -2.60926
1.52390801518, -3.74829
1.52032627376, -3.85589
1.53216795615, -3.50014
1.51042970083, -4.1532
1.5207050806, -3.84451
1.57094011066, -2.33537
1.53602499676, -3.38427
1.44746359345, -6.0448
1.44563729954, -6.09967
1.57337547933, -2.2622
1.43316936759, -6.47422
1.40879430135, -7.20649
1.46731156737, -5.44854
1.43738681868, -6.34752
1.35844086626, -8.71919
1.50842946166, -4.21329
1.35376481649, -8.85967
1.35458789825, -8.83494
1.38996600528, -7.77213
1.35291565272, -8.88518
1.39618024663, -7.58544
1.25973756169, -11.6844
1.30573421147, -10.3026
1.29795892402, -10.5362
1.24821727792, -12.0305
1.22826584876, -12.6299
1.20464304698, -13.3395
1.37505162352, -8.22018
1.20492570977, -13.331
1.32940073068, -9.5916
1.15718994362, -14.7651
1.246811737, -12.0727
1.26147834174, -11.6321
1.29881364077, -10.5105
1.27740439582, -11.1537
1.28789869774, -10.8384
1.21071585566, -13.1571
1.22688080311, -12.6715
1.23085043769, -12.5522
1.23096189647, -12.5489
1.05954786805, -17.6984
1.09822150582, -16.5366
1.03992660529, -18.2879
1.06082922531, -17.6599
1.10658017093, -16.2855
1.03801162509, -18.3454
1.08329153522, -16.9851
1.16196318759, -14.6217
1.17692485872, -14.1722
1.11371399223, -16.0712
1.14163771702, -15.2323
1.08109027313, -17.0513
1.1194535076, -15.8988
1.07743877774, -17.161
0.982776813559, -20.0048
0.939683407567, -21.2993
1.01273180417, -19.1049
1.06023514509, -17.6778
1.0989459553, -16.5148
1.08471565998, -16.9423
1.08888216332, -16.8172
1.00829628396, -19.2381
1.04149083047, -18.2409
0.960617238178, -20.6705
1.0581328045, -17.7409
1.01603629079, -19.0056
1.04573788095, -18.1133
0.985515510603, -19.9225
1.04954183288, -17.999
0.954694203626, -20.8484
0.879746474566, -23.1
0.899808590666, -22.4973
1.02521089557, -18.73
0.933721884597, -21.4784
1.00874753895, -19.2246
0.858892046499, -23.7265
0.952273092959, -20.9211
0.843311092207, -24.1945
0.822740598404, -24.8125
0.934524473478, -21.4543
0.84925792477, -24.0159
0.839336855862, -24.3139
0.913916582896, -22.0734
0.812100578371, -25.1321
0.928496212514, -21.6354
0.965966280187, -20.5098
0.882749435989, -23.0097
0.967469900833, -20.4646
0.931979451634, -21.5308
0.974982407212, -20.2389
0.804877341976, -25.3491
0.939644420941, -21.3005
0.795227558615, -25.639
0.861393878631, -23.6513
0.951857884623, -20.9336
