0.4465986100316566, 0.45304078930762093, 0.46341312182285116, -36.231792715534056
0.49480924708348734, 0.35931803052037287, 0.5119085886086456, -36.201657917045395
0.5170185384551098, 0.3373646249716563, 0.36295085310423175, -37.70369680271719
0.3604058426571621, 0.4617140023346386, 0.4988398703899621, -36.656972571901385
0.38420878998156865, 0.5518118379078975, 0.3319835621391665, -37.19187686839765
0.5336047183717058, 0.5042259668537249, 0.542723260766197, -34.03480862634719
0.5092713481469399, 0.5348250031825451, 0.44538776069370944, -34.95470593915965
0.5209158022425555, 0.4819025024697104, 0.5656518567583216, -34.15686705585265
0.5441720386224701, 0.3879461312020569, 0.4699289845787164, -35.83790753128037
0.5380371347222801, 0.5749162756434023, 0.4179516542008005, -34.53631247912643
0.5600158528193508, 0.5896464481580251, 0.5670798833552928, -32.659169855225564
0.3862088253116225, 0.42624258508590535, 0.4484731813310489, -37.26338796233761
0.5318357688640994, 0.5844119869446224, 0.3770058203651671, -34.91663054369809
0.540219756176139, 0.44923931011781776, 0.40415418997034885, -35.92309842157267
0.4866355112390362, 0.5367123977328079, 0.3998483109401892, -35.624280606949156
0.4780096087958863, 0.39148719934566417, 0.5059915857631695, -36.106177839346266
0.5534369000498943, 0.6098914432433888, 0.5120213834984456, -33.07727548695223
0.5153966073551067, 0.42505723615679103, 0.44984051473309955, -35.956622643989924
0.45052709837543947, 0.5213358473836832, 0.5487947400015324, -34.63982135595298
0.5685393146240623, 0.6084459325515101, 0.5425786328088887, -32.63066787894484
0.5822520387738086, 0.5421109759969133, 0.5699506689392818, -32.885720366565614
0.5360525480286423, 0.6180800005345158, 0.5764481354389164, -32.519387030282076
0.5881983679499094, 0.45366930932281063, 0.48284103593338146, -34.598901886807056
0.5763111516524858, 0.4250104167053075, 0.45619956500484393, -35.27756430946831
0.5731968832602136, 0.5070930739203653, 0.4781245406929075, -34.25843941541933
0.5027160911245737, 0.4574714173607625, 0.4323602797686643, -35.93386072470707
0.546550851416056, 0.5484656366584258, 0.5572586362657241, -33.31035227939186
0.638039037392772, 0.6649117435091205, 0.6411389880443623, -30.362729606603484
0.45085295344983656, 0.6448555644650656, 0.4965864411206154, -33.91621253499477
0.55594666560129, 0.6003500884174754, 0.634794617291037, -31.90816796656765
0.4961774847771834, 0.6825765665884701, 0.5431101533305076, -32.60743227579635
0.5353715044741707, 0.6873127196079317, 0.508111144078425, -32.517218503429014
0.4836261149638064, 0.5888682253959462, 0.6577866109372038, -32.52241463336407
0.49449684908131375, 0.5565677271689071, 0.5198780851842938, -34.13189230874227
0.5713348813923101, 0.5185403702285228, 0.5036616611997948, -33.90366754726639
0.5308448398685768, 0.6388192450720335, 0.4903290058939817, -33.23239302187281
0.5609295190621933, 0.4999914959988807, 0.691596963511149, -32.29779819624017
0.48874392167482245, 0.7048723394692766, 0.6317433641995768, -31.562023986427516
0.620354077492383, 0.6575103959950994, 0.5352959779998343, -31.685247964774575
0.6745521876657474, 0.6383352748595855, 0.6344631698419827, -30.329791592249336
0.6966606325551009, 0.6670219807072991, 0.6444690419756143, -29.715639846080663
0.6275403431695179, 0.6605577681208655, 0.563156674858726, -31.300456705564553
0.6237315896897847, 0.6418615762067414, 0.6130736080622319, -31.023567939810523
0.6707776524425586, 0.5185960755162411, 0.537345594607078, -32.55839068115275
0.5849774917830859, 0.6504951369601687, 0.7061439308642846, -30.387711519115765
0.721244589228807, 0.5345082500220818, 0.538301224491176, -31.87824178038318
0.7174622931303732, 0.7069350064125254, 0.6991120917773533, -28.550410188684324
0.5893159832457583, 0.752596874842134, 0.6189111468986938, -30.19369691932741
0.7356727560819873, 0.7015974488953606, 0.5641909289066794, -29.783220869858308
0.6593745919004912, 0.6115524395049241, 0.693177428344946, -30.160561012622612
0.7214074645274251, 0.6782260424307668, 0.6314484411283038, -29.484020726399034
0.6345422211420485, 0.6004725832363412, 0.624506306965123, -31.216958471277646
0.6509456552227967, 0.6254518470325844, 0.635124691101357, -30.6916950165986
0.6589303691685171, 0.7829960199140866, 0.6349859463651357, -29.021087520729903
0.7598583654212958, 0.6298972453195626, 0.6025863921706353, -29.875333303924304
0.6601620754208475, 0.6212898986032266, 0.737614269234368, -29.60539148223796
0.6331204688677136, 0.7920356969629663, 0.609670821465507, -29.446192047513264
0.6641678901708099, 0.681732643023248, 0.6073906593632074, -30.269785933764997
0.7225077825243023, 0.6383806902148756, 0.593814212841714, -30.255528428475838
0.8089779270266126, 0.8022907412607108, 0.7313403023247407, -26.337283125130664
0.8052836258738177, 0.6953532101672111, 0.8191850611464149, -26.567455583965213
0.8092518713911074, 0.6181035673493439, 0.6332113628063267, -29.186193923769917
0.8285855824657695, 0.6422925672536894, 0.7747256100432841, -27.31713373977027
0.6811366121971798, 0.8178298253446414, 0.7587212354443437, -27.195074010240756
0.7420440430928462, 0.7609722729486776, 0.6961703636879889, -27.785993134045327
0.6529118648231688, 0.6338359269290897, 0.741146946249797, -29.516214767656
0.805993422777372, 0.8441399335661262, 0.656507700006965, -26.70059539039936
0.7845392882884857, 0.7772240145801316, 0.8197295736536335, -25.944516398765142
0.6756134118522629, 0.6843695037199715, 0.6885203499860477, -29.308047822643616
0.8283239917023136, 0.7680296909120072, 0.7491679789200795, -26.307862004703026
0.6401316661434416, 0.8367128177538916, 0.78114230190595, -27.1920526686537
0.7818847659483027, 0.8366088442093974, 0.7237145549101683, -26.341331665981127
0.6864855893154885, 0.8057215794554698, 0.7956213562735204, -26.890620959146677
0.7284780727716372, 0.8377120701078242, 0.6912057528989703, -27.198021254763315
0.7719303000737728, 0.8575872611915383, 0.7190129973425519, -26.27746910497108
0.7399496295162619, 0.7560145713577876, 0.6924276334069726, -27.89503197695937
0.8772232146052129, 0.7716454215955427, 0.8363176508869279, -24.89710821123552
0.8960038449037664, 0.7824170315294502, 0.7319680314160797, -25.65263729445155
0.7327499528143083, 0.8236143424524246, 0.8442596848154501, -25.751272928462797
0.86570804725649, 0.679561511171024, 0.877451299440764, -25.528072142744666
0.7773830856762569, 0.7586719138058704, 0.8903759500596169, -25.490596469275307
0.8946751713240788, 0.8665126818038681, 0.7160851747488486, -24.97704012245661
0.771765112990714, 0.764226294148399, 0.7668827099685677, -26.7386452817406
0.791550447174407, 0.8789312991679603, 0.8596157122612568, -24.443460014104804
0.7555463587667715, 0.8356490114289631, 0.851960850930255, -25.321654332060714
0.8540805654777179, 0.8902334486132842, 0.7505707715191864, -24.799143579695066
0.9340168861872588, 0.8633665662884966, 0.8549434615108011, -23.20881905064084
0.7203777066200159, 0.82245258106829, 0.88519697131523, -25.474472131277413
0.9449662905576971, 0.7912807755415984, 0.7959956658410641, -24.42179058646101
0.7349897759573869, 0.9538887841639488, 0.9178793418541846, -23.66911210125737
0.8998129987491346, 0.8032902884738798, 0.8469015006252011, -24.24237588032106
0.8126036813389453, 0.8046217920866875, 0.7341640442286129, -26.24859073076519
0.8032203161741197, 0.9566602050830734, 0.7694985275057122, -24.45071667916257
0.812229182804406, 0.8478441630056686, 0.9438296952068419, -23.697949080637205
0.9683247677716174, 0.9700793456018233, 0.8617936023290879, -21.71517458886335
0.8534314463011035, 0.8614389903354156, 0.9426951257082296, -23.155903410659107
0.9048811111606487, 0.9380606422013507, 0.9283676338611373, -22.00697588663498
0.8041002032923559, 0.7719747053017826, 0.8721460466824641, -25.27049540124644
0.9098866278700474, 0.8988802448336668, 0.8390807257078324, -23.25406466250963
0.7958529645106346, 0.8085021722352794, 0.8811665099278102, -24.89372074066945
0.8816952762650128, 0.9316906150583957, 0.7822133417125131, -23.78182592893008
0.8156985604546083, 0.9038688692740561, 0.8878012717092096, -23.66294240971844
0.786536540296823, 0.9285718947738106, 0.9371135536666956, -23.209878901643137
0.9746667250259342, 0.8889012901397184, 0.8347719323841741, -22.744040933840136
0.9296193640172931, 0.8523967704075393, 0.8593927538014378, -23.319102139128585
0.8646261630958016, 0.9310879900970077, 0.9777519698588324, -21.985190676246038
0.9269079284459786, 0.8416671083959137, 0.9223817470097504, -22.8186183449329
0.8607708596288225, 0.8195581534350036, 0.8719992514459298, -24.218906419093372
0.8241939251089445, 0.9611732221775916, 0.820517661824758, -23.67793122109804
0.9780561033473693, 1.0440515161001074, 1.0063453450764723, -19.409566014909604
0.8374035252787199, 0.9831620056182101, 0.9181048754752605, -22.33666256189706
0.9088260942734407, 1.011685442807176, 0.9542879031282104, -20.96162181607245
0.8569489924092832, 0.9523223329491345, 0.9476254628223062, -22.1525576951442
0.9795053471323856, 0.8903435307437045, 0.9095195785481655, -21.925571147229743
0.921818762271825, 1.0593605702227877, 0.9468342729514976, -20.42410499549383
0.9243582410162436, 1.015951797537429, 0.9711456600238438, -20.591356580025085
0.9584379853596838, 0.9147918361733314, 0.8892354511672048, -22.096310376765455
0.9711206750470331, 0.9618754740397277, 1.0730262735208458, -19.636137145377706
1.028166705910155, 0.8623317523262595, 0.9963105405042281, -20.84031314403391
0.9992157189248388, 0.8831182839604838, 1.0863414370956999, -20.01337939413109
0.916486495994653, 1.0983810562540492, 0.9034900731602025, -20.521640147384797
0.9050363507244258, 0.9395094905774418, 0.9001917967118117, -22.27537739380122
0.8854447167991512, 1.016606299774004, 0.9748476567850721, -20.940417440825986
1.0834981189037785, 0.9066198237983676, 0.8964270208650752, -20.842980165987665
0.9036615310026458, 0.8986536916698853, 1.0086130455091098, -21.606785169882414
1.1010278922146242, 0.9673262631473982, 1.0217925684826277, -18.78639672884192
1.1003266094426534, 1.0990990954158402, 0.9758886600740222, -17.926117525934185
1.0383891534850744, 1.0376020035741294, 1.0718604768864255, -18.203518849034044
1.0837819348199247, 1.0257634418135977, 1.119339361880994, -17.38500264126751
1.0648545961055431, 0.9193669912680719, 1.0568200061316713, -19.282408146411246
1.1402906059761952, 1.1184422812957626, 1.0591949903379043, -16.485576993839775
1.0216366500749923, 1.1114183095047465, 1.0882224907382385, -17.46184393618205
0.9436137117307085, 1.0021940717109432, 1.0117596937813713, -20.12558103815128
1.1226787268335325, 1.142551303527986, 1.0684006949362375, -16.326962370729735
1.0873596570067139, 0.9792396825573793, 0.9885992152620313, -19.139408537109855
1.0190620939841686, 0.9499202099286881, 1.139133419416349, -18.604891683543375
1.0239249334671052, 0.9649388811322525, 1.0585074121159932, -19.21847245742069
0.9910804700939156, 1.0125028399474212, 1.0703343598199073, -18.950326567058138
1.0921044343356494, 0.9782191231626775, 1.0023868953624566, -18.962520678173906
1.0681881568381397, 1.0591129496090965, 1.0468429437779105, -17.937938886614678
1.0705763219749576, 1.0531998510154252, 1.1830571223466728, -16.59764348144388
1.1688367138571307, 1.0096363328189681, 1.0287988791008393, -17.60331388104103
0.9806933854182845, 1.126229055521474, 1.1202419241535782, -17.402380150572352
0.9769768702433956, 1.1371024796431226, 1.1209781903624927, -17.322651108595846
1.1986124731654548, 1.1886259989705747, 1.1568094320739315, -14.201536321111506
1.110595458549614, 1.1153900008012174, 1.057258160612234, -16.835923030676106
1.0399723769763787, 1.1538608766482563, 1.0294121634431288, -17.441965484164
1.2054559478177518, 1.1174067704828283, 1.154426184769123, -14.875869665962592
1.0698271449934666, 1.1894169384982805, 1.103207110801094, -16.035846522294534
1.0930734335189145, 1.1676547152064347, 1.1111738605822863, -15.940383744367317
1.0895514143071396, 1.1203945488502725, 1.189057040117849, -15.666636330552919
1.1905939911914614, 1.1445638029921859, 1.097861585860139, -15.323036565214275
1.16658604182459, 1.0249238395817653, 1.1631353059033376, -16.11469507767987
1.2026867684809304, 1.2095522668772745, 1.094458577296757, -14.578811993384221
1.0515394455282423, 1.0748032007760104, 1.2368688008897566, -16.02816720006051
1.1736205230308536, 1.1233166864666655, 1.1763379076521656, -14.916412958083994
1.2477459073118828, 1.0839342115924888, 1.2174011784984806, -14.150693965627752
1.2129389129693982, 1.0418847616089713, 1.2423548257451724, -14.674964643196546
1.0903995996477787, 1.0540639134511305, 1.2467668774357614, -15.745147570356858
1.1622245624200562, 1.0688155804395865, 1.2624008696968512, -14.712717044883902
1.237590665624698, 1.2281551867936218, 1.1335467899212108, -13.643508663237064
1.1973662708758248, 1.1695283059441601, 1.1349064788121093, -14.628272165332382
1.1146904845662369, 1.1019173333098757, 1.1783665784575974, -15.707329329962525
1.2548978079375472, 1.2968675611284894, 1.2879097935997623, -11.21540239731516
1.2726935841611902, 1.2481758260545983, 1.1449023621386942, -12.972002299449668
1.2480794458592184, 1.248275092085992, 1.1068613202051483, -13.603880220703445
1.0882845755042583, 1.0951971140921986, 1.1891938928104877, -15.932569874677322
1.1346003781096599, 1.104271413694908, 1.2677063322845576, -14.58001894859469
1.2680054478876788, 1.2510184674013172, 1.2939470356995437, -11.485141909206666
1.3165586596655672, 1.2069105365588302, 1.1283968689561399, -13.112463988075378
1.113624994122482, 1.3185676548894578, 1.2224077529011792, -13.084844425120005
1.2869003954429177, 1.1846238068203163, 1.1173828837305941, -13.74841327278961
1.1134662474458266, 1.2089487252648492, 1.1696857707817057, -14.726255116238567
1.3041737710687018, 1.135541500243291, 1.317882358102973, -12.04446838974782
1.1954747050093792, 1.1818393934917202, 1.1473131311599951, -14.397704750898031
1.336052741661402, 1.3368299454722465, 1.1844610436706096, -11.036932012078196
1.2590842381267386, 1.2377573593135167, 1.3479634580022832, -11.163585298560216
1.2085758897499665, 1.3343538911241333, 1.2611017591394242, -11.575438989762382
1.3033956800009052, 1.1951686179027017, 1.2653972513337046, -11.980186371340286
1.1595875209365856, 1.2905686569608024, 1.1893106525200752, -13.237708783661986
1.2411563267706023, 1.3191625961767497, 1.3077523319478672, -10.92857318287657
1.2219723807112866, 1.3793352054938235, 1.2288874117965871, -11.311161636346496
1.3513140083048045, 1.1782067939188523, 1.337528770553979, -10.9388932042663
1.3732703566994267, 1.3820381529481378, 1.327356510280408, -8.760959394666946
1.2190545960512558, 1.2576162279195304, 1.2099074157970129, -12.761835961941422
1.2924629486135613, 1.294980860469879, 1.1702797659025883, -12.043196212262337
1.263711610023276, 1.2507445070629881, 1.3203157404512287, -11.264930731944515
1.4053804357012254, 1.3728445720242108, 1.4063559807792176, -7.731505166619655
1.4080725289673852, 1.3653822982562613, 1.2173456156248066, -9.68888441567219
1.1955988196485057, 1.3872183874154278, 1.3596924749065775, -10.176669879085745
1.2162678323619582, 1.2564758072720512, 1.3275894608351437, -11.612796964958045
1.3244581965329125, 1.2125071755616879, 1.2661440826515398, -11.584752982362218
1.2592256049647785, 1.37459539207379, 1.389591449831467, -9.359470233636001
1.2743103092598664, 1.386191148560963, 1.31676498487664, -9.825591487904349
1.3902702315072162, 1.3079285749632774, 1.2420349687526617, -10.199658836129741
1.4020680908605583, 1.2628864440294534, 1.4425672745961597, -8.509880712260895
1.3025626606956833, 1.385317065511933, 1.3224917721812754, -9.491196985970792
1.2787329462489636, 1.280625268465792, 1.303461761513733, -10.981616401732438
1.312310497340415, 1.4207333552565962, 1.4437001266278893, -7.810666876516156
1.4241298295753493, 1.3310465661329747, 1.4353395798371906, -7.671555802570559
1.2561619865032543, 1.2705227089236202, 1.2858604093193424, -11.489443386401845
1.3792687706381357, 1.3309084775943358, 1.4619333593774584, -7.857468610000701
1.3867844726361331, 1.445675301935064, 1.461971385580599, -6.621907473214178
1.4489999107414968, 1.4609397252800709, 1.3615175281425778, -6.853968038746004
1.267087027235397, 1.3106771314642522, 1.293084088637473, -10.900522754170483
1.2647574257948297, 1.2957199950382006, 1.4899388868391612, -9.086703962907153
1.4543419227571814, 1.3939013075866276, 1.4205430586088825, -6.880946576235438
1.402025211150798, 1.314186848146121, 1.456865134620871, -7.847705111941512
1.418126829063479, 1.428525658414175, 1.2990016904584574, -8.124705273372609
1.3474410888889332, 1.3010915186878305, 1.3361666384968376, -9.75051266592322
1.3769501777847817, 1.5047735927710097, 1.3929361035938468, -6.821617432831932
1.4091338770713173, 1.519151192716192, 1.4058155754719628, -6.221205603439675
1.455227607467882, 1.429721432843957, 1.458624703873723, -6.125517735499372
1.4147045443563768, 1.4784721829405951, 1.4563471621833357, -6.065415257774666
1.4000388118346374, 1.3644745981207496, 1.3803059707694385, -8.133137568436103
1.432901685397328, 1.4965063133163428, 1.4539039215057177, -5.7241220179859695
1.531592903200316, 1.466876851360382, 1.5004279906696139, -4.556588432017049
1.4002201244107624, 1.4368797994222973, 1.5424060026432098, -5.762566399229603
1.4287504811531924, 1.3314184559300561, 1.403125947122498, -7.9465163211540775
1.4666624813219353, 1.3650323603438834, 1.413183731006797, -7.122438659872567
1.4467879214813582, 1.4456597887628289, 1.4664420769888589, -5.970810229969234
1.431047231120213, 1.494389776203565, 1.4540447662730602, -5.7628103677087035
1.4676499918615178, 1.3890268249790696, 1.3833297111687164, -7.171651232229252
1.3654516367457048, 1.3820604638611547, 1.4412484378393822, -7.689287490442001
1.4726479126409293, 1.3661081225559202, 1.485382292116211, -6.321835077645848
1.4202149511405926, 1.4632572027085442, 1.5147690226237107, -5.573321449769215
1.5067408648752252, 1.450648003266064, 1.4060661655317344, -5.924696629565415
1.3734607460400488, 1.5322926170185995, 1.36532829338218, -6.8577610460522385
1.4300812367851448, 1.4734761337739926, 1.4592244642960501, -5.931496617624365
1.528064378946417, 1.541337386822239, 1.4645525859713866, -4.202481295555123
1.4661649643616523, 1.5679856678922948, 1.549143612213348, -3.704098540734391
1.419221400931081, 1.4374069514326306, 1.4834937714738619, -6.160382587499254
1.5904778772353059, 1.4756026362910004, 1.4167916144453307, -4.718463353821848
1.5026760673063526, 1.496600988263384, 1.5624300877454678, -3.9221500675231824
1.5382773851079081, 1.406059519758588, 1.5872377330198266, -4.226518809229063
1.4138764919211777, 1.569034061982835, 1.5856630972823151, -3.8527914021583043
1.406816656188317, 1.4128941514497781, 1.5882392683640607, -5.47525175755398
1.4264443260421316, 1.4750139148852672, 1.594928751163186, -4.581949574842577
1.5243455515362552, 1.4801729375622237, 1.4228975007537192, -5.278626365129312
1.5426602137393126, 1.4684769505983417, 1.532703447796614, -4.102620079451831
1.50880266125783, 1.6095798080902852, 1.569943956847191, -2.643167412168616
1.5855765961350388, 1.4579151154027898, 1.4466045055545211, -4.645492756642923
1.4545892218179075, 1.5903946377458003, 1.4579774859718875, -4.515541964286914
1.6074574406318276, 1.577746861938397, 1.5361822683117101, -2.3092265567481323
1.540633913966979, 1.6338286008539256, 1.6159315287130513, -1.6121813784448893
1.6448714531139386, 1.496984476232713, 1.609147270020504, -2.010068693261051
1.521410236169157, 1.4917893249393126, 1.6295142115931123, -3.103901285842603
1.5316809538204275, 1.6165197794731891, 1.6698426894184004, -1.3328947200806303
1.6125825434892755, 1.554976711151678, 1.6867324402903334, -0.966750556249627
1.5516914936978, 1.516932037878941, 1.5521156971910548, -3.325866376082869
1.4860270578947694, 1.5593571527106758, 1.6499928783856268, -2.5719485960497743
1.5225309152220445, 1.5163676849703236, 1.6558422153768588, -2.578375600310838
1.5478186873975666, 1.6833715649067995, 1.660520195122157, -0.5887833593280453
1.5385591428094634, 1.5489600170772229, 1.6568130599997677, -2.077452324379249
1.6265286230646427, 1.561012750728726, 1.5189051689195923, -2.4601359321923124
1.6804655353662068, 1.5453874493326072, 1.5724263463887438, -1.5325320092165873
1.5506164200384573, 1.5657099673677792, 1.6534684093031369, -1.8202545786931983
1.7156559722299847, 1.589995706255864, 1.696536806283863, 0.5271564118152737
1.5766274477906577, 1.5893547067446538, 1.5331163787982836, -2.5343582491556007
1.7404870946743436, 1.6471733232880357, 1.5968153289797893, 0.3482398681027184
1.5885144418138712, 1.6631060969633953, 1.58566576503531, -1.1385221837113455
1.7060746843312384, 1.7225039610001358, 1.734216613847631, 2.149447062414195
1.739878857828538, 1.57439401697692, 1.601849365497951, -0.34219959289485374
1.686439194207968, 1.731465764547932, 1.646253788417041, 1.1531186583125368
1.549807321372543, 1.7408372491958142, 1.5755823847364878, -0.8461923706581304
1.5953767989752958, 1.678364759117948, 1.5809081511369076, -0.9631342502004864
1.5587355786959112, 1.7720398493456158, 1.7207089340525255, 1.0250945666065938
1.7716515425578043, 1.777418243805274, 1.7708015683426495, 3.7360742899568478
1.6133476474472552, 1.6747344699391387, 1.7255296136464304, 0.6425427377052976
1.7540763636385535, 1.6769037179970208, 1.6636790958243421, 1.4612038127264306
1.6221869825954542, 1.7064696428534205, 1.622648272637096, 0.0131807887471825
1.6580634454320748, 1.78021085398935, 1.6561072764700497, 1.458399756479543
1.642596455592961, 1.6086376493393029, 1.6101749161425483, -0.8948583729816915
1.5749576001490477, 1.7933748124885651, 1.5844830591758705, 0.02843910922710317
1.6324346823522429, 1.6635019391297234, 1.6533117964230646, -0.007591738333019071
1.7963464576681551, 1.6650177471563599, 1.7682089429260943, 2.8239711894001007
1.7967766152906466, 1.7970550147649995, 1.713964028021566, 3.61409755633548
1.6771357523693997, 1.7321330646233333, 1.726158100267059, 1.8729991642403254
1.6228955300659096, 1.6715786722015409, 1.827508479256436, 1.7371988032715802
1.6496899622323484, 1.7326642299824804, 1.6473045967615947, 0.8046342320850886
1.6899411314643427, 1.7967964005541581, 1.7069357639489973, 2.4613464239141223
1.694262158338653, 1.6274254685589769, 1.6381371331801708, 0.0992400007858687
1.7959993056303982, 1.7513040309532617, 1.7887104402939649, 3.8991290593699497
1.68431920418407, 1.6390476201960704, 1.66446046817297, 0.3820938641728384
1.7974004130315122, 1.8540334744930662, 1.8361498427447926, 5.430138689589611
1.6375892954418751, 1.7532699582940918, 1.8169048473984808, 2.6036777892368455
1.656381653117216, 1.6760703923707763, 1.6382587777720525, 0.20920023494995332
1.7533106734534443, 1.6639461711378678, 1.8623201174236548, 3.3290602223734016
1.7531486802521246, 1.6692060381840204, 1.801690855156417, 2.768137106995576
1.864398695367094, 1.7331619230999233, 1.7383752260225676, 3.8983418635311615
1.7026007867937263, 1.856645979815131, 1.8576789058753425, 4.716420934183835
1.7256083533415905, 1.7471974516055504, 1.8790655649062293, 4.0593067661956646
1.6752232685622468, 1.6750129745028741, 1.677656041869676, 0.786790756917143
1.6815608227681615, 1.696818847247437, 1.6731219823537253, 1.0252692158517542
1.8711928600339987, 1.7470964637975226, 1.8410143733135291, 5.144481789343946
1.7063156340619747, 1.9056349263856693, 1.817858605806474, 4.846557234890083
1.7998240291501117, 1.6926639789985178, 1.7215748577452559, 2.66730167569581
1.692376315884885, 1.7110310295337996, 1.915160720493256, 3.722909756686274
1.8853709755808383, 1.8028771371108088, 1.7151196107064726, 4.579471953516363
1.8104942307577425, 1.8768551777289726, 1.781119669319176, 5.237061391978697
1.7196552733290973, 1.7635730564693857, 1.8875802790479428, 4.250592008549758
1.8850793095980025, 1.877853872738603, 1.9001622937590434, 7.202984607026759
1.9028778708622425, 1.898012300027943, 1.7720193519377203, 6.29201538210006
1.722524020447161, 1.7247145424629227, 1.9439663578326474, 4.45661536103769
1.7258394484352937, 1.8883630965047444, 1.9113629910216343, 5.81379329254215
1.8108544676705431, 1.7245849101966444, 1.7513473064202272, 3.4018856998728766
1.8459030172076458, 1.7643452400798916, 1.7524254436358029, 4.1684212214478835
1.734969138497251, 1.8815909086656701, 1.9190544397289255, 5.915297847392395
1.9031862053609088, 1.930522391449417, 1.866448525169319, 7.577344666461056
1.7891851760926625, 1.7737271575148266, 1.9571433811111345, 5.758138532511353
1.9429300773916927, 1.8272651443880765, 1.7893982625929488, 6.1575099431587725
1.830858649884961, 1.8439592161270633, 1.96327997047328, 6.950483196821263
1.7790970344076509, 1.8855415845208836, 1.8324077176129552, 5.525720571126164
1.9015934573589908, 1.891383079664638, 1.8269589477957684, 6.767025099185832
1.9378954815908704, 1.7853491217928281, 1.8670941823884137, 6.468068543152657
1.771051799319619, 1.8557672891731207, 1.8353343412022456, 5.173266966616012
1.9846785841593804, 1.9963752870748985, 1.9623453695629187, 10.034335765628262
1.7901684048624347, 1.7934447567970195, 1.8248487127101836, 4.630928023935741
1.9565754145070868, 1.9136220691403654, 1.8929336253657838, 8.21344554558825
1.9692370679872728, 1.8586707431525826, 1.9741147205894334, 8.606288199285752
1.916587740973209, 1.8199902555949348, 1.873695543381997, 6.6694296964660795
1.8533239507023793, 1.865478903596685, 1.9701256584157028, 7.463924370856236
1.8885784695913566, 2.0114189548234647, 1.849243524903822, 8.07314090220852
1.9411735462865198, 2.027543117331002, 1.9329815760997011, 9.613113532497207
1.97089559488906, 1.9123368382424193, 1.8158517753369792, 7.5665071562470585
1.9819243658227776, 1.8966826125562042, 1.9995688096410162, 9.37551301030301
1.8990580011230935, 1.9909860335300438, 1.8391723689700556, 7.870872763870636
1.8760553218623701, 1.837463323964292, 1.9961065306236414, 7.672981580306101
1.9160483532491457, 1.8595958294787467, 1.950166860497726, 7.836475184097158
1.9605400759875011, 1.9614427035456676, 1.833787843826956, 8.139097205657825
1.9982039966415384, 2.044368850096497, 1.8980283711152444, 10.00607290760889
2.0461124389178167, 1.9706882625023852, 1.9310938421054726, 10.079742863895701
1.9234256027976417, 2.0493772039113676, 1.8971465861049577, 9.292418109231992
2.0281683608060366, 2.036183248474244, 1.9468436391265693, 10.719143923301521
2.067989641835744, 1.910617101357795, 2.029481032215256, 10.687755307159547
1.9669154297884373, 1.9210055628972735, 2.0602486178140715, 10.082521318179625
2.017681177191544, 1.9561017393108542, 1.9510178815197077, 9.846472707294005
1.8868086894293887, 1.921273585483812, 2.074944912946458, 9.424517049087468
2.0104931437046694, 1.93398675347993, 2.020665123445202, 10.253990107371735
2.0257376859677425, 2.0484572636177907, 1.8946212220618186, 10.291072440882342
1.9113650013281465, 1.9793953472021992, 1.941757335026669, 8.914320035929446
1.896559372699668, 1.9549258553786628, 1.985768278153711, 8.962156628606484
2.0290696088776063, 2.082395688394455, 1.9150377616246024, 10.873768271683474
1.9659736788090005, 2.0925879855835614, 1.937982403897567, 10.571152204950804
2.103686511031013, 1.9269073275503052, 1.927867606341133, 10.186479241640923
2.094150696168973, 1.935207977074708, 1.937663366300229, 10.272949894382933
1.9151536138381322, 2.0754439578491013, 2.062701570126268, 11.144435775893953
1.9599096977062993, 2.113388452748988, 1.9839918372637215, 11.184747350697064
1.9586841037817369, 2.039006211866798, 2.0029010113148975, 10.612033605691236
2.0841515474653147, 2.083846149666775, 2.1111321106221816, 13.425553613679511
2.054716159877921, 2.0536069031840336, 2.0068665238741628, 11.769591787233516
2.0308451433100467, 2.0149499929140027, 2.0141602991349816, 11.211671064232634
2.0104139473139706, 2.0746261480931993, 1.9637533517576389, 11.098923708735448
2.0823468823713185, 1.9593037135939093, 2.165421400355453, 12.697696932532132
2.096424976466655, 2.0845910575307065, 2.076531281741051, 13.20754864382235
2.0941161073379932, 2.0151676902184383, 2.013574275324437, 11.84705124122089
1.9612539897534007, 2.1812122130524956, 2.103032316931984, 13.085843633715974
2.028870247461987, 2.153493986817255, 1.972006768015771, 12.165363659545596
2.168446275065342, 2.037667759055286, 2.143622723470572, 14.138755127183847
2.101112568946173, 2.0904233360325275, 1.9795029132582205, 12.333725436736572
2.063634304086316, 2.096480839358577, 2.0984380494014645, 13.217709018650082
2.195542265948675, 2.1222404583819916, 2.050079590634696, 14.3218415653067
2.028012374737455, 2.112952389228376, 2.0439474549180896, 12.473860796807282
2.204962980388529, 2.0655424292501903, 2.0939946349152057, 14.287879237918439
2.1291354066376713, 2.200155374330985, 2.1634273553287655, 15.583011477751741
2.1802050363368832, 2.1973312531870235, 2.144383852293426, 15.877981230478115
2.1050749176220562, 2.1362905454269643, 2.199383449478399, 15.05806982350929
2.128244686673109, 2.066201692847667, 2.044077109135067, 13.015388774301455
2.108027220529256, 2.1829421621915674, 2.2237422673254983, 15.805168182286081
2.0976145365714873, 2.241382521386297, 2.2229725069541098, 16.282520857695896
2.0791415504417543, 2.183479315603414, 2.24433399412865, 15.72681676943251
2.0806357323006006, 2.162244208396139, 2.2493199328968108, 15.577776500944958
2.199086756318434, 2.2119826272489136, 2.2333484477740093, 17.115331629710678
2.263901799672856, 2.130442477737938, 2.1501844790214104, 16.106351075072777
2.197740636531932, 2.1598498816341287, 2.0889686045050553, 15.116758814859763
2.213754551982166, 2.1880038714493013, 2.1068889850595336, 15.743913217080822
2.1119368458998307, 2.181646354621379, 2.1330352290078087, 14.91533767201029
2.129872936459141, 2.1406020673680146, 2.23622822042969, 15.724274992493397
2.0736568776468887, 2.1334336290617952, 2.1417569487879504, 14.12977227774378
2.263432185853767, 2.150304434279504, 2.23603009282113, 17.169360736913145
2.122710340941721, 2.0762106272450085, 2.1274628226999392, 13.902866574612823
2.2384571363941492, 2.106603685024668, 2.2320777537242105, 16.43574318326291
2.2913400745014423, 2.1899935233421193, 2.2254778791702994, 17.745570474887483
2.123069413316828, 2.180257419588991, 2.3124991271918867, 16.826524849471777
2.242525066818313, 2.2507896328405095, 2.1122545816617775, 16.72292203354142
2.1376486061334945, 2.1866012763033025, 2.12681957226919, 15.162317724302904
2.1575877288302094, 2.2704262012480103, 2.1912776556119145, 16.86153116858722
2.249372203654361, 2.3114359022878683, 2.2579541161271988, 18.87638608150938
2.179708113079898, 2.128831901373579, 2.2696958360441983, 16.44682677270379
2.1699317440491304, 2.3209192313731943, 2.3353253840736365, 18.951276358545062
2.2831585788534947, 2.213277297804657, 2.2604900934037753, 18.251777475372993
2.1994590367705027, 2.323603197854515, 2.3334625337326638, 19.25782594300689
2.3457274510471793, 2.3106394851086107, 2.3440583777510087, 20.711366807139385
2.318180201269548, 2.272316613489015, 2.3060629443559173, 19.662219789035152
2.3147670807828966, 2.3123254079368927, 2.2446007283995306, 19.41104259716485
2.2338147054936437, 2.2725396200073456, 2.1628230438919522, 17.365427973666076
2.2017815364331024, 2.1779035179239545, 2.1773162211631383, 16.232336116365616
2.1906509335651356, 2.1497441312371968, 2.2177458654115894, 16.243847779938605
2.230851175788789, 2.362248867458688, 2.2067776895769993, 18.685633664893704
2.245015415151309, 2.1929011113016603, 2.3566994723768198, 18.63248483666455
2.314943528883384, 2.319567426910441, 2.3032462572284667, 20.07835568709386
2.3293166924089284, 2.196151060476982, 2.268533557759308, 18.626275865103224
2.2159892202308713, 2.2875813685719906, 2.2169597128832144, 17.884144461475522
2.181123894095309, 2.3199317608259324, 2.2882998068101426, 18.57934809829681
2.3307464658401194, 2.374858061371596, 2.3951859332351417, 21.725156166129874
2.3943699263269402, 2.3469718776686914, 2.375149722700862, 21.883752794914084
2.196195258758572, 2.2332767976678194, 2.388702119040259, 18.87044621683485
2.1950762123725505, 2.2284042998956863, 2.3017611388820374, 17.93173385000278
2.1998341126108505, 2.4193553962034273, 2.3489272548560187, 20.38501781485148
2.4333807018074234, 2.2608134401808426, 2.374883179826559, 21.404821432472986
2.2903117491233522, 2.24091843003117, 2.381116574651017, 19.821684381874135
2.42335981053692, 2.375751331468005, 2.4223733502645715, 22.94428780070199
2.310064253476577, 2.278677396778585, 2.323202048972529, 19.817613123512036
2.33897333362001, 2.3543014785809238, 2.2517338111132603, 20.151602255698936
2.2282637188365, 2.417415781934125, 2.435871851567515, 21.530821740789303
2.344336534314051, 2.3148942074759327, 2.247726839140305, 19.767248292225137
2.304439136882715, 2.2638935022108164, 2.3535457641392954, 19.91796366901846
2.302481040129941, 2.449651522178782, 2.3461958401435563, 21.70028689345737
2.326570304133296, 2.4742927563342314, 2.28919167301235, 21.616714479594723
2.3725507468297935, 2.2831813778304557, 2.437327857661497, 21.647070528502493
2.4039280394484313, 2.3414347658420542, 2.2721139015093614, 20.88360309898836
2.3035525379386925, 2.433450339724424, 2.3716084850751047, 21.804155179173957
2.3084772520867163, 2.2656840007791312, 2.490520246966639, 21.360419190227145
2.4486200522556496, 2.279894957418727, 2.3145298959212575, 21.14186773328923
2.2977181441826886, 2.4450494281833763, 2.358380025597975, 21.72876361579839
2.414105216558885, 2.465267463331088, 2.4907028822139705, 24.445207698019644
2.3088072603142678, 2.3635952719486104, 2.304056399717466, 20.469282141215604
2.3863336205669534, 2.419612072925677, 2.3666418312224407, 22.450379037525977
2.471573803738243, 2.500870809839122, 2.3892148168569394, 24.36019626701318
2.4673106874461803, 2.315179322849877, 2.3949205264602407, 22.499096330871698
2.4263268984133974, 2.331512865190521, 2.49985634213353, 23.310061674115644
2.366093477710542, 2.389724556736193, 2.444400307895119, 22.72947820547327
2.472607373372817, 2.485729113762698, 2.325081640816438, 23.569880080322765
2.521366445297317, 2.4122911970164083, 2.4705199388764676, 24.78967253727468
2.414985341400081, 2.488534706121636, 2.3554156018472145, 23.32258231685789
2.3577037500947426, 2.466080708140337, 2.3329514600796752, 22.290261801159136
2.378987292054571, 2.5354348541679816, 2.496099160800674, 24.853750575992194
2.371012035219849, 2.5280770783949746, 2.342197893030506, 23.144313198437683
2.559210139152003, 2.3567671184593273, 2.5049382945005982, 24.95874295062555
2.572518289339056, 2.5115885486359995, 2.3550864870584656, 25.14336691953052
2.426627393944806, 2.549050374047196, 2.574507248370733, 26.264495114775105
2.5343797588699677, 2.4594991646598703, 2.5540153115499646, 26.241355909897
2.414869878241393, 2.3578488748601805, 2.586249762272197, 24.33301530680576
2.555552767149851, 2.3621665141480137, 2.500907008242045, 24.935619086261728
2.3977522268604066, 2.5711998322982574, 2.430060144330097, 24.737497004936987
2.561672305361218, 2.403682627722251, 2.5651325546960813, 26.065530179591423
2.5876880163192495, 2.4531147095101207, 2.465198493220117, 25.818194131813012
2.4969161260185775, 2.556729533199013, 2.522955785247659, 26.531327721871207
2.5574489032707177, 2.566805472640409, 2.57149401184226, 27.734832199529162
2.394552296276155, 2.4930101191786713, 2.3948485193193485, 23.55970641186035
2.619668159664145, 2.4143236547795843, 2.4527510893222195, 25.623665694605553
2.5334255107922323, 2.512157035053742, 2.4364376461534674, 25.575961535347886
2.478614240330215, 2.416142703605399, 2.5567219107801455, 25.267463178947065
2.4069990403252395, 2.631388726881803, 2.478352710237244, 25.926671489336226
2.554716127378406, 2.5179025073174404, 2.562393780243825, 27.12133752464315
2.490327442988823, 2.583691079185602, 2.5170221613403787, 26.677178621361662
2.4213023008737506, 2.6303575703959954, 2.539681723278537, 26.680218126750333
2.641014558780814, 2.6393091632156107, 2.4851659359834013, 28.4392894745437
2.541261097463424, 2.502805646124976, 2.490773013106252, 26.10949249186517
2.580664383975796, 2.4500433794012353, 2.505099222029532, 26.119262478854182
2.5812688544257014, 2.5931005228321236, 2.5598431623970805, 28.123358986413194
2.5023240350063194, 2.5727239399559023, 2.617130350850565, 27.698770967805928
2.5846782368641192, 2.623272599792901, 2.5201974656655732, 28.062104063864584
2.652258124211162, 2.539338816826444, 2.66704899701176, 29.380262000498657
2.6216775112610007, 2.614384178764786, 2.6111805840347944, 29.26507347535941
2.6437382447876354, 2.6084624779116163, 2.6182695048201734, 29.499699267872984
2.665040038921354, 2.643414983872964, 2.638620156570731, 30.273486660253013
2.4973347097742997, 2.5835961871947335, 2.6729046296632073, 28.321570976083237
2.585678726732642, 2.5888926320233927, 2.6888424059978333, 29.428421866200694
2.6145161442573888, 2.634292781478966, 2.652753154377387, 29.813758384987292
2.6821625944698013, 2.502410795696555, 2.5274421246993155, 27.899146614804774
2.6578575520354293, 2.6596077491134995, 2.6372413146378304, 30.350571876633932
2.5947957531089734, 2.669378252802206, 2.577576308562002, 29.209599136092745
2.6421473764095302, 2.60796270978872, 2.5939985769157197, 29.233420839535057
2.7119019789289642, 2.5486999892278774, 2.5640203127947654, 29.036588696480877
2.6954732820143614, 2.6631225359701856, 2.6757311189556345, 31.154817544850328
2.6582302099492923, 2.6767610962469757, 2.5303227499014533, 29.447616728259817
2.7258382124193536, 2.518067342997991, 2.5383751149090448, 28.608895659862526
2.6064521800741414, 2.651999834541632, 2.7524114979654137, 30.917813258395835
2.6943761912490896, 2.6805104780505324, 2.619055593408677, 30.74689154250808
2.5428271910948697, 2.6976957936661754, 2.702974993409001, 30.237353314848956
2.6290340828305805, 2.7288279350635896, 2.5913185336883413, 30.29475304628799
2.770787109012744, 2.690512604669669, 2.6852084390132323, 32.28796113833985
2.578488656360992, 2.6027753599875014, 2.55875456667155, 28.182005889091357
2.7641608455564604, 2.722976423977333, 2.595186277458371, 31.639631787799644
2.7425838994323772, 2.7253612097181144, 2.6936153892582286, 32.44000503443152
2.771322696323003, 2.7467048141143224, 2.707053822995672, 33.08162963063634
2.7842502884312728, 2.771671610479009, 2.6123740729459883, 32.50804011976032
2.781641301943642, 2.667446470388559, 2.7836634223997683, 33.159102977090605
2.7685439114604815, 2.7305088143399048, 2.5781218937581047, 31.587622419782743
2.792832861904153, 2.626838035648019, 2.696531264335487, 31.981840019067267
2.7926796577395403, 2.779807547639684, 2.699410614648131, 33.55452343461976
2.6638099406510465, 2.594026295733979, 2.588334442376706, 29.254249280421533
2.7792892546944574, 2.7475658848223965, 2.6259821457772135, 32.35189177064714
2.6526781804892092, 2.702929837006525, 2.6267472019768014, 30.629850701742793
2.721950433561414, 2.756207567047953, 2.612702360215249, 31.725862230551673
2.6940181753549473, 2.6502495336947387, 2.7801360051306205, 32.06468398161926
2.7722443831487174, 2.695039436452392, 2.6467410171087984, 31.959846835453618
2.8299951256269167, 2.7635805244673564, 2.708106496852297, 33.855375221682536
2.6902081139659617, 2.646624966284023, 2.658460007143558, 30.760536236298417
