0, 0.0020933720398235564, 0, -51.293031008642885
0.06749753803614236, 0.02482624445821436, 0.08920436420010074, -48.16638235662165
0.04358881227320138, 0.07896249518443506, 0, -50.177911068118966
0.11579355092355191, 0, 0, -49.04599237313759
0, 0, 0.12013137225794232, -51.31889407616373
0.17396199940147766, 0.019793439644982293, 0, -48.13868737720594
0, 0, 0.17988184185907, -49.80252147416659
0.15102451504486095, 0, 0.09956556762842686, -47.49467760923457
0, 0.08643128637028383, 0, -49.45622678010829
0.1028529294623338, 0.014063511225301105, 0.009222883669276946, -48.725865410536244
0.2070713976147012, 0, 0.08590724811283465, -47.09152686412629
0.030121959580852974, 0.11619025096468565, 0.07177190376129224, -47.797130158516865
0.20334702231556553, 0, 0, -48.79433727060641
0.24892239360454632, 0.13487357455578833, 0, -46.83146483938733
0.13043439694447295, 0.07126515396816194, 0.08851640456477504, -47.06852570224839
0.09177073829695623, 0.10854221932147956, 0.002416732435491042, -47.95222535299064
0.052197493092895966, 0.11104892932563783, 0, -48.59185868160427
0, 0, 0.08690233171393498, -50.004900418255396
0, 0.1271140343812484, 0, -49.26316668439211
0.24290741849318095, 0.03144030228107572, 0.14316740248910778, -45.78267552259228
0.07197748502129736, 0.12309606565670957, 0.12725517426467936, -46.74415429350822
0.23535171420850054, 0.1715396719030465, 0.2252775524484996, -43.61445516606013
0.11401500376037858, 0.23478560481112234, 0.277174019217735, -43.67702396172489
0.09413090531368568, 0.22808505119960346, 0.15368427877717986, -45.192926916257896
0.15873684235408, 0.09158691915278101, 0.13659457914259887, -46.09173393283373
0.2521062277579105, 0.11858561837193606, 0.15721411493371054, -44.667616554913565
0.27241525912712244, 0.14157665774409162, 0.0688143782511053, -45.12316873613819
0.28962569128047355, 0.04491539873178695, 0.039783321362810056, -46.21894533964576
0.3003868663257581, 0.06826496909100294, 0.04909677591411866, -45.78031705726384
0.06683744857106874, 0.2409012514769324, 0.2837993882529259, -44.02486779494013
0.08346877260451596, 0.12541857430069844, 0.03785489232090144, -47.50765414923115
0.22485815886412877, 0.3694169364912279, 0.3175095513798746, -40.790054073381505
0.10755661280569113, 0.17374650278944956, 0.2748566725136801, -44.382224362537166
0.24322791525527437, 0.34555794647659466, 0.10655743335260022, -42.97633035268213
0.06180785561023639, 0.2206337742821581, 0.36876704028254514, -43.422134644697586
0.143674683191056, 0.2874247840909439, 0.18697501095114524, -43.75682345219045
0.16330448848016307, 0.11351087892763964, 0.3223650481349841, -43.94767257027488
0.17231169395422882, 0.12986284470130344, 0.2031161751893813, -44.89605339550592
0.2877007711749063, 0.35668848148202154, 0.3697206735925575, -39.75646539141934
0.34540721726728907, 0.17213330065362875, 0.17820478464168807, -42.97226967108478
0.29700345565521186, 0.21097675410594957, 0.102522737485419, -43.833303563165856
0.2739074296466882, 0.39509940166675533, 0.39510767660823964, -39.251368606851685
0.16433555207551442, 0.2527458693106542, 0.2036131313246851, -43.73035805342571
0.2845778674149238, 0.3516453821350581, 0.19377264234465033, -41.616203112175434
0.13837540510745583, 0.24772883725232756, 0.38660128160837565, -42.19489369729132
0.3718559688799415, 0.16133536649382124, 0.2349493272330102, -42.241003408012396
0.16817764932090828, 0.2076338612546905, 0.44630382804875424, -41.695804660360075
0.438592601192383, 0.2825300619575081, 0.21136917966473007, -40.58089047661999
0.3477870909304472, 0.17361178321398893, 0.2050040738723335, -42.66259648467909
0.23806537959480376, 0.4792961988632454, 0.412699025694155, -38.58524642270501
0.3637825299315871, 0.41622508034409095, 0.4749677699182185, -37.32348100814246
0.18667761713751005, 0.27073281870321986, 0.35651602084574646, -41.77852063953054
0.2302035811985788, 0.18365982555176102, 0.4246144076200162, -41.530527127572164
0.36955215771401184, 0.27400520311776877, 0.4269605823558133, -39.186687442549555
0.4958700656766945, 0.20293783783353725, 0.2076057055737281, -40.8443069789499
0.23398106832268298, 0.27866061366040135, 0.44980483161163415, -40.278318044497794
0.4279703111717642, 0.3753513296276423, 0.4867559786385604, -36.968912934970035
0.24758966380850922, 0.29823328910696956, 0.5304830020786246, -39.128222676827235
0.2725091015188529, 0.3991487470873556, 0.473045303084214, -38.43734190211695
0.37691548457530094, 0.5402774416222347, 0.42712012194561877, -36.42108032178632
0.301759209087187, 0.3931723038145876, 0.2818891275212952, -40.133124844211416
0.4095614304744377, 0.4462441293163154, 0.3841860733049774, -37.47483198893201
0.37321275097397644, 0.3633873087149447, 0.3579664996963261, -38.943772127421745
0.3172155362517095, 0.38559095585637415, 0.5484901061672506, -37.36064042146128
0.26329761365437593, 0.2816288204638365, 0.38076958718510334, -40.649535138350345
0.45962927465180525, 0.48340322205029285, 0.42469952458746746, -36.18452503747914
0.34714705616644564, 0.4023333739763247, 0.3509042083533064, -38.885003651554776
0.5129541185581042, 0.3504802022968334, 0.313901750148487, -38.107716454510864
0.4890829785666816, 0.36970521363800385, 0.33165728035588954, -37.97529825696389
0.3051732075510138, 0.6013209048124841, 0.4368498391489307, -36.43086917664213
0.5832844750582152, 0.3847878480150583, 0.5461272293613768, -34.70505502591262
0.5832634475598372, 0.592540545530147, 0.5147533411403119, -32.923663290603066
0.41932097449829975, 0.4891843474418873, 0.5244175517463894, -35.52603157892347
0.5093851044453022, 0.6160078818934281, 0.4363325422560637, -34.224994660658645
0.629630557402512, 0.3794345356698363, 0.6125995383528369, -33.61954917752338
0.4477137756670649, 0.5796628264400088, 0.4357378121332814, -35.22106652282469
0.5275733446644818, 0.45271220579573285, 0.5306313369039299, -34.73821325894803
0.35130711377419654, 0.37576582390428326, 0.4842790644717862, -37.76412119040135
0.5789193918943034, 0.5974930926267745, 0.43979814050263677, -33.67464015127561
0.5828488370279088, 0.3973002945062891, 0.625094771074921, -33.78541512516042
0.4360367154989841, 0.5142345953378279, 0.5444763111705473, -34.90153917164284
0.5714107049771396, 0.6500152209231466, 0.6693550426838152, -30.90120233753433
0.426666070065559, 0.47424060584736294, 0.4942423969305692, -35.907585122793016
0.38782781201168876, 0.469907418694015, 0.46421549065728523, -36.646962410474856
0.6560518713944993, 0.41962213068773746, 0.6667377834860667, -32.39988095385552
0.6303502552526999, 0.5423152552768549, 0.4935538812220879, -33.16950109341775
0.4054474269721555, 0.5036809138715403, 0.5859632208504244, -34.898065033392726
0.5657773728684791, 0.7167025459853316, 0.5978480492241117, -31.006788201233107
0.6390635240351841, 0.6035712979988204, 0.6471585792792268, -30.911177764512814
0.5046925272947846, 0.7268590086110532, 0.48664084353629866, -32.644521419776396
0.49301384512001795, 0.5730819838897391, 0.6990724417891161, -32.170017466678054
0.5211960252910033, 0.6168413397520645, 0.5743543810373438, -32.70311367595544
0.5183693036023678, 0.7580375500052831, 0.726450426956877, -29.769118378136085
0.4776997350073413, 0.5551353513907302, 0.5675188611762405, -33.83480861036048
0.5635246141493031, 0.6984834490448211, 0.7513157232394843, -29.66339609663022
0.6178560995409432, 0.5887606316484534, 0.5365109502074109, -32.39264968286053
0.5022078556832993, 0.763857855770262, 0.6684547091009353, -30.459389691368717
0.555518370393698, 0.5909380434811742, 0.6684491055785282, -31.667621015622217
0.8100083110554549, 0.5966764447841303, 0.7396523484660591, -28.319827229235916
0.8006939936013355, 0.6312522371156134, 0.7851751104623996, -27.604834937582336
0.5196722063780336, 0.7734885580414425, 0.5481219796412644, -31.401184403426864
0.7453400376644831, 0.5304083351707863, 0.6737423148730722, -30.30817487163291
0.5860099858921002, 0.8081891972876212, 0.6976805486266793, -28.869901698925243
0.5755659622837507, 0.5192596634042633, 0.617221106131105, -32.70659866849375
0.592380643724417, 0.8407589085273341, 0.7993808120400241, -27.449289249578026
0.6271210487001684, 0.5499719641149685, 0.6729101451790024, -31.31309941420061
0.8303895986132168, 0.8094973805628612, 0.6491180345713056, -26.878737234874915
0.765070369682642, 0.7004001184781944, 0.838747833610119, -26.725067456859033
0.8537709141063295, 0.6188028045997819, 0.8292684863772578, -26.749068635521525
0.6685713584662424, 0.5705803726474216, 0.746133007298525, -29.94661880391728
0.5632494075264945, 0.7362387106191822, 0.6537845888608613, -30.269972656499615
0.6529971733622457, 0.805312025831705, 0.5737785536741415, -29.473861082140484
0.6313848094197482, 0.6788017115580205, 0.7604702068630468, -29.0842754763554
0.5904227101578671, 0.8917134301031578, 0.7711065513432758, -27.23997281207777
0.7641268004245431, 0.7530832500874503, 0.6929677367917918, -27.67497184541631
0.866352501301637, 0.828261308373635, 0.8756365193575221, -24.03787546431521
0.6377213162215394, 0.7656041022813598, 0.8284063582260724, -27.457254780515438
0.6447327948653707, 0.7721628858436032, 0.7141288304133553, -28.474499887653238
0.6431216174644749, 0.8921847443626549, 0.6145013509040341, -28.284770578473086
0.7971041646862452, 0.803926075038895, 0.8526582167124708, -25.215268116791805
0.6433692521903971, 0.7722314328131012, 0.9499745289206244, -26.105300869453302
0.8545783875555252, 0.6940981845328731, 0.8295394792808968, -25.97761564273439
0.7336958766881032, 0.7574763695139041, 0.6678291700653726, -28.19190488618808
0.6627929678220038, 0.7890675775915653, 0.702999392325501, -28.233738002635658
0.6538113391440034, 0.7055606945644346, 0.918519042754818, -26.99099922764388
0.8620258462715399, 0.7348380808779437, 0.9265269376357476, -24.511203386007764
0.8158327027855844, 0.8323926221474731, 0.7700704971233211, -25.572769474177992
0.8017676707168541, 0.6866455093608904, 0.7564006682637836, -27.325112643014865
0.7105185468877502, 0.8882005358902008, 0.7496365907084003, -26.279235621349986
0.9810116342287707, 0.9080271785442448, 0.7834856940407303, -23.004802961477314
0.9656508230878847, 0.8681950649966061, 0.9602588866118038, -21.776719447512175
0.8956279130048903, 0.7897060602922743, 0.9224876841226824, -23.658367096769222
0.739001302616116, 0.8813322954101205, 0.8637140845496788, -24.90860926690995
0.7305948847369512, 0.8569601684244539, 0.814653072095038, -25.73527146205613
0.760895979908231, 0.8592861901278585, 1.0264457622285414, -23.266384522579486
0.8855085711602387, 1.022507131096018, 0.8266009737324002, -22.37760933344791
1.0331083703994746, 0.7608805380074213, 0.9641096476490156, -22.140418625697862
0.7797313340800509, 0.8285140645247296, 0.8267746120560121, -25.403838276153607
0.7861224901151964, 0.7919696696295437, 0.7628928886421118, -26.35368637993079
0.9912488302598886, 0.8242178242749855, 0.9816937784814074, -21.745854211956754
0.785124286168162, 0.8891613778060558, 0.9068398022493678, -23.928025593701154
0.9450606390711087, 0.9838946993822871, 0.8340277539175177, -22.091079875041274
0.978858968642587, 1.0816279036317349, 0.8753588494216693, -20.3449927101415
0.9331427039936525, 0.9099507876692502, 0.9880935911261545, -21.40215067889841
1.1003805560760216, 0.9294960873704466, 1.070282322926148, -18.685262965933166
0.8384869611455076, 0.8791724140524142, 0.8186994556919133, -24.380213829395604
0.9947401073656393, 1.0504189194957507, 0.9902053872400245, -19.339753392915004
0.9200977510261124, 0.9777049619196506, 1.0076477631475433, -20.652015392996905
0.9862465220192931, 1.1317789603010628, 1.0407663987156892, -18.09301130266621
0.9413554555577578, 0.8802305009131738, 1.0799043181754522, -20.692017427814303
1.0302549372470935, 0.9064054732664512, 1.0613697274950058, -19.716867292842924
0.9233410312731772, 0.866915931614223, 0.9539918740557664, -22.28031477835185
1.116375398763046, 0.9082553357680084, 0.9935665732869867, -19.51315850688847
0.9260440029388703, 0.9822957342384281, 1.1729514249671056, -18.87584684702622
1.0537124929117407, 0.9935331992528477, 1.0813617126135764, -18.39790500224076
1.1295800838488816, 1.0521168495400242, 1.1778126929169244, -16.065559330244138
1.0184917853790811, 0.9365445977935303, 1.1680300292815542, -18.453874621675094
0.9297176974720225, 0.8761214943613829, 1.0925203022023116, -20.7236414743867
0.9757936345185857, 1.1241986545256581, 0.9812510416335309, -18.876329993153792
1.0490811090043335, 1.022266488362627, 0.9285881539746379, -19.697618673317187
1.2072377151691551, 1.0950932287019008, 1.1530876280973714, -15.096782101329012
1.1253409159434502, 0.974873583261458, 1.128525675024379, -17.386462886572854
1.14386472039599, 1.1571263399584177, 1.1933070700034005, -14.704059289315069
1.182698050951402, 1.0234818867703779, 1.1783092694526884, -15.813240331571023
1.2036817037847152, 1.1440620251989981, 0.9607995520797759, -16.58037089834859
1.0941304388956927, 0.9284566325414015, 1.0818207689194357, -18.64234504690374
1.1720594205783292, 1.0554716764040886, 0.9893446640085093, -17.506305444536086
1.132820937376546, 1.1324623448802813, 1.2163638568663986, -14.831847079563374
1.2412319966671437, 1.1028858510073611, 1.0559526151771956, -15.655853910588883
1.0124170663749354, 1.0885253326899151, 1.2412152747752085, -16.240831577373136
1.2823020193505679, 0.9889997545989955, 1.0135044834803522, -16.820138813839236
1.2240365306540897, 1.08378653431742, 1.2924274741740793, -13.633832937923339
0.9719188591858646, 1.0663829234533482, 1.0600006758003802, -18.70401557131724
1.1817919793903908, 1.0270879944996978, 1.226322871339661, -15.300981361315657
1.0495611020487845, 1.258113148411381, 1.0064136989743522, -16.524364147126082
1.208526194252848, 1.1439501703032695, 1.1127385312463016, -14.9978293353291
1.2508666468731129, 1.2776443250362088, 1.171905545513926, -12.622055379563156
1.261184342882976, 1.1444541713329843, 1.1039637382801717, -14.549472197008766
1.2724345968299637, 1.0998423152390662, 1.082261994216755, -15.105667613274898
1.1532036035828213, 1.04562376488992, 1.129578808043511, -16.379735590744925
1.2650553688715547, 1.1784204234638154, 1.1607115239422794, -13.59406751234697
1.0409587044462605, 1.2775401832443352, 1.1612306303205657, -14.851216989786247
1.313651166233838, 1.3128572573602284, 1.3246242413699825, -10.089569040767183
1.1792616498919521, 1.096310989865985, 1.241448066802804, -14.474538317568266
1.0894762847703359, 1.1131236720864983, 1.2043315168690159, -15.586550770445955
1.2557102192208949, 1.0564346892721683, 1.2679891619237815, -13.837029591749035
1.0720556852325862, 1.3504213955815596, 1.2546056201478089, -12.85775049533379
1.0965443410556133, 1.282701548825836, 1.2280050399535825, -13.563121920858265
1.319962529394381, 1.2647299932775125, 1.1757317297701437, -12.015916641999619
1.2470401020909452, 1.1200930505346032, 1.3136279501083143, -12.820594921880167
1.293469560941223, 1.1057384563640265, 1.36050184002609, -12.023132754228891
1.0977722721959144, 1.3389405449378775, 1.1539879976222147, -13.73029480044437
1.3165999231985368, 1.4224139750692846, 1.402627780242212, -8.165235570605722
1.2213125061341812, 1.1939238919586714, 1.3264483588614508, -12.205204475209053
1.1305931359438146, 1.4403414034759598, 1.400457741883888, -9.884926451478156
1.3824419129847234, 1.363226916982071, 1.2697070218779147, -9.440647961164556
1.3033369179727063, 1.2021754200283468, 1.2441244146282786, -12.124881286572405
1.1407506658244708, 1.2122596330284792, 1.2002892188802652, -14.10808567946247
1.1711633177899878, 1.2904971165379184, 1.402190727251433, -10.971200388087482
1.3960618631196473, 1.4171369980758877, 1.2139502636941801, -9.321726011214999
1.2410427416782575, 1.3295135027327905, 1.2071896886164828, -11.840950171439081
1.1825498527673697, 1.330144227785503, 1.3482601556372305, -11.00046226070603
1.2487126638534576, 1.2891976992167424, 1.204990204482588, -12.192923560072844
1.2181621783071435, 1.2852381658143035, 1.2062943333329017, -12.528336591370211
1.2874042168648676, 1.3928489599578897, 1.2528145655917342, -10.272043005914222
1.3523505657175041, 1.3932875314805386, 1.3276688863185544, -8.855485014983866
1.491252045295331, 1.268669808741231, 1.2545632381975846, -9.449645532988415
1.227624822055062, 1.3625418452235536, 1.3883408426129478, -9.813055455640775
1.2230182011267086, 1.234784900858124, 1.427534719481317, -10.754163419533839
1.3108581115754845, 1.2407833291312713, 1.2235448004745302, -11.866805644633473
1.4399629678382437, 1.3745654574977977, 1.2784479089009866, -8.656804704676484
1.2564336639733764, 1.3971720067743334, 1.3058868787328877, -10.00512576282225
1.315097870522825, 1.4970415287385082, 1.2518317411861803, -8.949786460126122
1.511758752414345, 1.2760376770446027, 1.5398769318970786, -6.286127663070443
1.4069260655359264, 1.5017113703545346, 1.42199412416507, -6.256246868125948
1.5475641980310015, 1.4717421470210539, 1.5549630375552823, -3.795258761542041
1.4210929182593017, 1.4577114489748513, 1.589205452539279, -4.868587679056246
1.4365788594973468, 1.2974918486961022, 1.5632506998129096, -6.5927130504408185
1.5589823157017235, 1.4592441809867778, 1.4882647219768463, -4.4798866801480015
1.4494741820577224, 1.5717438547446445, 1.3244004802499625, -6.104863464117884
1.5476799462470554, 1.4282761975229397, 1.3034094933037836, -6.774084474002237
1.4351804839243514, 1.5184493852989387, 1.3888991256297754, -6.136070759059943
1.4817236940606038, 1.530755176303842, 1.4580470833164338, -4.843172185041616
1.5514144861586183, 1.428909045724958, 1.4161892070930504, -5.590780414377502
1.6185514792612195, 1.5656760365727531, 1.4804617731002796, -2.8819263744014907
1.3772987854445944, 1.3977079942354806, 1.4620547679173352, -7.201398509117067
1.5478506066831381, 1.532700439807435, 1.39094845887818, -4.833338329608552
1.645533944930409, 1.6339982014555134, 1.616753740147635, -0.5425668026913358
1.3446665494752565, 1.3800045982237235, 1.6320883102137538, -5.992328707952184
1.5059376167562424, 1.601983183672095, 1.5942081868047633, -2.503747603706055
1.4827109165975423, 1.4855491766332556, 1.3864929828676729, -6.012595190924536
1.6795973375058095, 1.4420644927630564, 1.5182820616244688, -3.1318798798653034
1.4609098717587237, 1.6818665207303336, 1.6616697623261234, -1.4702408604527164
1.5570043168202519, 1.5661010376785918, 1.5945380625015617, -2.347036191915097
1.4969477049498352, 1.5727333930721012, 1.5027357929797278, -3.813970797962984
1.6799332097575368, 1.490814063287247, 1.675841680064499, -1.0445560291991594
1.6176124345780318, 1.4655776976423032, 1.4996257806130613, -3.7089301734000366
1.5756685014822807, 1.5837816802353344, 1.7060775865888576, -0.8532548655911839
1.4157574846551322, 1.7038073934885483, 1.5260875708794088, -3.0742176866354605
1.4816586461400998, 1.5296006240151356, 1.517079079346507, -4.259208590891492
1.5654570077488705, 1.7228153334685796, 1.4356433168803353, -2.283680221234493
1.6724120338912254, 1.6723948861705928, 1.4808048308137878, -1.2564469608524618
1.5207301624334988, 1.5492356264209812, 1.6349154185556982, -2.475947399897186
1.6648681681682593, 1.43947887196896, 1.5101018119671665, -3.3894055342991294
1.471135097767602, 1.5744722229248265, 1.624288011358033, -2.8293400802983655
1.5245089366959363, 1.5729998507784742, 1.522916857880915, -3.3290338852997414
1.5529954570685165, 1.661413083936875, 1.7791329466644723, 0.43981300676630325
1.7545561090845103, 1.7604026450415584, 1.7123952776535416, 2.801555876561723
1.5283043099022164, 1.5738825572262591, 1.61189711828648, -2.3829900463135756
1.52542068464294, 1.6652078643374244, 1.5592212045197547, -2.0217196616149575
1.6170234286188527, 1.6965664134040708, 1.5515004023975025, -0.857674298783575
1.8172738955919936, 1.5606617514825019, 1.695187288236554, 1.243666013242925
1.8252016946436607, 1.7530528649157893, 1.803980297003293, 4.366008652148918
1.5758927032014798, 1.6934268566156172, 1.6935563256560473, 0.13005944922368654
1.615040846913312, 1.7376668867901135, 1.6389100699263162, 0.4203818548458784
1.7787327055758044, 1.790270326014525, 1.6093090449033087, 2.306182590844833
1.8282916554444542, 1.5924111089574735, 1.6311328725298042, 1.0286427972902252
1.6572465650691937, 1.729629449553817, 1.7231055608262815, 1.615975509588809
1.6457044573021815, 1.7361577770935004, 1.7885705847534397, 2.226594132819413
1.8296230301972873, 1.5916241996780929, 1.8291854740738132, 3.034673777264579
1.8389408923963684, 1.7425065325207636, 1.5762738674559804, 2.0981948724556836
1.7629012827076214, 1.7826885696555026, 1.707003562579974, 3.0564991408393745
1.6098844161407735, 1.596006430408517, 1.8150836722019308, 0.7169143308204179
1.7663985870484453, 1.7707503401414757, 1.592469713739575, 1.8143297063585415
1.8874074836219852, 1.7184503803051596, 1.5798920126781038, 2.381311884901503
1.6702618151922564, 1.8693967660141781, 1.901246949074058, 4.958641720004978
1.6472435330058393, 1.6404857085626676, 1.8128647431505116, 1.5211513607981726
1.788015974846838, 1.9139737146984657, 1.7042436206793008, 4.608417274996008
1.7381216997771634, 1.7894727365879466, 1.77074225125153, 3.5185524001680832
1.8418947337288725, 1.8294446923567598, 1.7225600102926224, 4.483832690689443
1.6827962941034242, 1.6491237055315624, 1.7877026888397498, 1.7133604896438086
1.7267499551734125, 1.740385483416039, 1.9380051443669175, 4.597379625821914
1.757554342447399, 1.8390839989700511, 1.642857534020554, 2.924200762000046
1.8009213515876348, 1.8418480918207736, 1.7028219278893444, 3.995872437351036
1.6851854817598635, 1.7298166631625256, 1.8964728108532278, 3.6512621795516877
1.712870454204919, 1.6785173453256494, 1.682730875602303, 1.2537239912411247
1.6992052245443343, 1.8830390422355063, 1.837648187335266, 4.746388425405121
1.8704294368153824, 1.853293065678425, 1.8674470831114238, 6.476460460658906
1.7186820240513625, 1.8685195032885653, 1.674681732792584, 3.150335960934464
1.9416893932435815, 1.6973835394805032, 1.9785758686226227, 6.74392728633038
1.7205405535644418, 1.7429798080422119, 2.0097027547341146, 5.285081983240091
1.8914222159161955, 1.899590045569419, 1.702034993515562, 5.485325808092699
1.9798074021719914, 2.007200948186122, 1.8142008415822857, 8.598072645862615
1.7550429302816397, 1.720609335303608, 1.7516017392143781, 2.800545503026528
1.7339630011417004, 2.018232424713882, 1.8348191086521874, 6.434490247553232
1.795960950049955, 1.8010960839825008, 1.977904127595544, 6.312739006343434
1.9435023794333872, 1.8205426143325707, 1.7750800684778607, 5.950758204483023
2.0348328732291283, 2.0416704126577794, 1.7568037600048523, 8.92229339284607
1.8310158084021708, 1.9338533717103428, 1.923033919648801, 7.453566664255707
1.9573761976276365, 2.0699173249581495, 2.024990626182562, 11.134183320892413
1.7660189138680245, 1.8517184370009072, 1.8158460521822994, 4.884680838901327
1.9914474197120913, 1.8734517556629415, 1.8954816343789194, 8.185664744989422
2.0813706299399484, 1.9651123642806334, 1.99189971784722, 10.993764768361634
1.8763260527889407, 2.011108086039804, 1.96583133881678, 9.123893713591162
2.058916058535321, 1.9475704966841276, 1.9312488279352251, 9.977125082370444
1.8098628698462689, 2.067685186611863, 2.060613873378155, 9.981433634709967
1.8306926083952653, 2.012433083631235, 2.020945214165886, 9.233039456488756
1.923165338987931, 2.0668851491131637, 2.1008785772986776, 11.524536014139116
1.8271182630963634, 2.0311648506287447, 1.9630043887171544, 8.800883863053157
2.0722947451108658, 1.9436717384115065, 2.004138739272794, 10.809143664597642
1.9118096889424754, 1.8605493151865553, 1.903006103855176, 7.3269202826687545
2.1081700044782363, 2.081008112139881, 2.13976775241636, 13.928746151863407
2.002926582366361, 2.053321724490047, 2.063755993375714, 11.81822525486993
2.1434388226745256, 1.9880042902655217, 2.1238764595563975, 13.185046186832773
2.156058402318886, 2.1425879980786577, 2.0359159306766093, 13.985478091658115
2.138870613329532, 1.9101311159836163, 2.034800428385682, 11.45254704746293
1.9038830998446112, 1.9466414665671234, 1.8846606748504557, 7.931164053153449
2.190148750856247, 2.0292431216608158, 2.095497185904232, 13.786758165871667
2.076029923087042, 2.106559182749318, 1.8720569397046292, 11.158040864050399
2.111376853752944, 2.0169105113571804, 2.1478060981471443, 13.394883467245137
2.1944818254772205, 2.1732905270076097, 1.9172918774274281, 13.485497271840998
1.9213992260231494, 1.9230616141583188, 1.905249013524881, 8.077877310165148
2.0526566384165834, 2.08438722946928, 1.9952683716608706, 11.942547874209438
2.2058182196383425, 2.1586316216079857, 1.9334516883320922, 13.615166965438595
2.1129551926639505, 2.1979485590941037, 1.9882514218324008, 13.627830036267227
2.0734649688557685, 2.060365199208401, 1.914704128123595, 11.096306022098636
2.0329746987370743, 2.218992044241497, 2.203520066202595, 15.206937466476433
2.2006732371083433, 2.0000273051284294, 1.9622839354566215, 12.252368461549437
2.154237226538345, 2.186430299735058, 2.2024728228749813, 16.092326759074595
2.1264977303312, 2.237809433408134, 2.1588675485116373, 15.890653659100726
2.0012496288736004, 2.1511821528534805, 2.196020213890698, 14.125777733512919
2.2612066140692724, 2.241644670558566, 2.0934491280841874, 16.629297098101276
2.011651507513559, 2.2577679029280535, 2.044135626066778, 13.773283197054447
2.0558673008318005, 2.2368417979949666, 2.004613241956161, 13.609316573564934
2.2740548642606777, 2.1295015968851874, 1.9924799921258645, 14.606428820926562
2.2972165455383817, 2.0030523519540986, 2.2512603514588387, 16.177063120720398
2.2406847211204677, 2.1327198537652854, 2.3117702011716728, 17.527017939973998
2.30527321156092, 2.1740734866811944, 2.2203667418635957, 17.67387313238091
2.0726043767917814, 2.10659858650905, 2.0975190317325874, 13.401232273064844
2.0404892742824363, 2.167659565575906, 2.0707050441794426, 13.422766505432172
2.1175529486570728, 2.200446321021519, 2.0520446951504474, 14.343878432616563
2.20182732350029, 2.3073084141172107, 2.2352681238990852, 18.125291530470562
2.1965206340802723, 2.0382273971984106, 2.3193557468406008, 16.203068465851356
2.247456392996608, 2.3466133188318334, 2.0845201889188263, 17.460504047952195
2.2554709877368055, 2.1149197002175564, 2.2362898432448532, 16.73414677979006
2.2190946769300597, 2.2017277449580392, 2.305889429855447, 17.946584361045925
2.344089552743025, 2.259343480997782, 2.2605172688223996, 19.33283133902229
2.159466084556902, 2.3104538547141265, 2.155733738440577, 16.92579472435965
2.176461129899558, 2.395170714882062, 2.2125147492574024, 18.526733273121447
2.2963080996454472, 2.155828422395583, 2.394904120007285, 19.162026687356725
2.2257859632184567, 2.2611093179782182, 2.1887991486261, 17.431256866896717
2.1995195507446934, 2.225013454344507, 2.238966404346597, 17.30807484278583
2.1749341595914267, 2.3309681107465963, 2.344988232217081, 19.200914167223278
2.3159766389826295, 2.3217858278939536, 2.204282578883521, 19.111566118788932
2.196281448423737, 2.408213429935922, 2.3245602430714567, 19.990455772031478
2.2074313400167367, 2.242037339646543, 2.23521925665904, 17.52210036689213
2.3207901329227862, 2.1574310336277898, 2.2916085099199726, 18.382117944146955
2.3925820571487466, 2.226235875397598, 2.157401924722011, 18.446665224932882
2.4107552597071265, 2.259985827029246, 2.1672100928212963, 19.07021393492596
2.206983311568332, 2.250118319747323, 2.1402709301611917, 16.640126883604523
2.340402839901675, 2.2866540427569646, 2.4399922737529827, 21.384334913248704
2.348325858819814, 2.25878295744047, 2.298033873005545, 19.748916053190193
2.3587916565287017, 2.4675745869871633, 2.3412873459557244, 22.400541307793844
2.2614924650815276, 2.1720903649795464, 2.4680071146678584, 19.713029744736698
2.2573852676316237, 2.1809232751531664, 2.1791033843534784, 16.842544718568373
2.4430156884658527, 2.414958265489982, 2.1937662014192263, 21.22969853914203
2.185245955585864, 2.4172529126735713, 2.2456318734017517, 19.173037794557445
2.455789495468524, 2.5050649804103275, 2.2022189060374373, 22.354276585013036
2.3866342412469823, 2.33694163369292, 2.2875242764931154, 20.819193448818364
2.4980559280846277, 2.337119018125701, 2.327011529049684, 22.345317931919322
2.282819787374338, 2.2875399665870266, 2.3040662063063304, 19.438646063310056
2.2302296263782004, 2.3554758225339576, 2.3687637761255593, 20.247163889269874
2.503013263820714, 2.3358334292769856, 2.2404691142965536, 21.508240478729828
2.363311649955196, 2.5388959274832548, 2.2422649804096633, 22.16638947321327
2.336264683769962, 2.2450295172234305, 2.434496866526886, 20.866576439598774
2.3761428990539075, 2.462200224626515, 2.265325727550629, 21.754230820515673
2.3400350250293007, 2.2549356110750773, 2.573754037252807, 22.41136033694127
2.54727362153773, 2.2893635638253866, 2.522368602496852, 24.333391796565337
2.2692179032650177, 2.4309787169279167, 2.5661486926559522, 23.397427402514
2.3310251280147853, 2.4499183034760232, 2.361374833713932, 22.14462894146203
2.281465187898498, 2.412758543835851, 2.468508088260551, 22.35082646459495
2.4963154144135147, 2.5063255029339877, 2.483054893684026, 25.61308900031847
2.3038408922219293, 2.6078212513870347, 2.44677840221653, 24.327682281065602
2.583612851559666, 2.3166160364019666, 2.436713939042171, 24.11053360609903
2.4593937507711963, 2.5394949268997276, 2.4889664833137926, 25.634900616007233
2.5633154643267546, 2.458835801618352, 2.5005982997989973, 25.987369350950548
2.5593589502106973, 2.6008215986086856, 2.56801406691483, 28.062571876103164
2.602020704440196, 2.638393111291714, 2.5381158690407517, 28.571006916895573
2.435819366111415, 2.4509331180062013, 2.3889708319590377, 23.492154707844993
2.470446086670864, 2.519286085721073, 2.3470946485193553, 24.109361827386802
2.5133088554791794, 2.3433810828831256, 2.62623598566671, 25.585110343727433
2.6159301641021875, 2.625039144788414, 2.527779574300354, 28.47221094132279
2.5664787506562585, 2.5074300646023384, 2.5400077829181025, 26.908248466431306
2.5678590873698335, 2.5003921350672518, 2.6450860454138687, 27.912497655060147
2.489209446302843, 2.678997437871586, 2.381810224289398, 26.262799075392195
2.498090330272147, 2.683605203987686, 2.5529118969087894, 28.127347789582046
2.525923312522975, 2.404103053656562, 2.6496057303443687, 26.561940368928344
2.506255676952962, 2.487925816748538, 2.421537201825678, 24.906249449769472
2.548543073749567, 2.434934666826944, 2.489869024035545, 25.488351157697537
2.649479628946617, 2.406853425833958, 2.5711464145623615, 27.045247165080166
2.5792225627354495, 2.6663348227995707, 2.585951302262131, 29.10614836158739
2.5116593691604923, 2.5442121758833567, 2.6608112196886062, 27.946290552853082
2.6560782083248005, 2.5927776223681342, 2.4926466496126936, 28.196994750561903
2.5299127097526752, 2.693604787188155, 2.7209241314031023, 30.246885134787203
2.493425627044749, 2.7426041059800292, 2.7175458053021746, 30.3391468517874
2.68983434206947, 2.625551048267266, 2.668101088743957, 30.641277566471654
2.5788958031182356, 2.730223981594473, 2.741780723997541, 31.3222273607096
2.767393578926673, 2.750851602931903, 2.5659507509449804, 31.658544775793505
2.6384188866394194, 2.6801355643377542, 2.4814866576055663, 28.78829402608828
2.5747735552603714, 2.540059106401242, 2.5951458264209037, 27.878570586692103
2.6746805883579925, 2.524637287775915, 2.7716233523481586, 30.514557863455224
2.810748403182999, 2.6959914499754567, 2.793058383580578, 33.836345825646795
2.7631629481580173, 2.572897117233302, 2.5251631039765763, 29.406294640079754
2.644647633110187, 2.814909365632726, 2.517599909376666, 30.57734250625838
2.655126620954577, 2.6763248187901953, 2.5092073133272326, 29.19857326335359
2.600448806081734, 2.5307077101400273, 2.722761045555087, 29.33250062400857
2.6431228030636484, 2.694301913418113, 2.750879784908664, 31.700045468590165
2.75488696552497, 2.5626961325689033, 2.539543949016801, 29.36491966778459
2.6289501940984876, 2.586966972042827, 2.6829630241685023, 29.786668588988054
2.5497867877152784, 2.597615057478038, 2.8147420931385967, 30.425696346787003
2.6502746980037872, 2.550889782220436, 2.649574305567, 29.30039177566893
2.651365992948397, 2.6253975686647784, 2.7351950652259496, 30.92887501857702
2.654653374470617, 2.8824305834624697, 2.6674937307600146, 32.87452210801113
2.6002769227038325, 2.605806491489351, 2.6219822637560006, 29.071370484335194
2.613402308707015, 2.8744894148104114, 2.7447387652642625, 33.15788372506757
2.6294159864526567, 2.619856031688103, 2.8665738689605083, 31.9782412838512
2.695534968508312, 2.7719752144387635, 2.7904462801448413, 33.41370164739311
2.8006627561061777, 2.8092917075328585, 2.63324197717963, 33.26461051331986
2.825808098830611, 2.8385398883161264, 2.645952058151271, 33.94242469997989
2.7426132546311943, 2.744547850976353, 2.890058997830473, 34.618384883212336
2.653384656676005, 2.8821725507753295, 2.931434821034304, 35.52517200490544
2.731981617622816, 2.753197488195792, 2.722292858119669, 32.903757211497755
2.8706084080282466, 2.727917542688979, 2.7192708121445874, 34.01814911981631
2.8871661943899305, 2.948943287279037, 2.655014922845224, 35.76893337893122
2.9630947028969064, 2.7290296386377038, 2.777935466739984, 35.55615967954136
2.9676711623240917, 2.9491371268407662, 2.880786747406331, 38.864596329001905
2.6511065939380685, 2.66237991102245, 2.836262519464697, 32.32069721641632
2.894958561232724, 2.9321008700348163, 2.746488246952992, 36.60149169919731
2.846367885548534, 2.884777586678466, 2.9769721651579246, 37.96078421600934
2.815386967878737, 2.858814915278636, 2.8529158984310534, 36.13250284432755
2.854471405473543, 2.744438983849994, 2.715023478837916, 33.97912998142883
2.8279923440041816, 2.804338209453463, 2.9230849888163, 36.41833881084793
2.964801946317039, 2.705789593717174, 2.8404628283805122, 35.97024614560329
2.940462030073238, 2.985616955335925, 2.821095484920394, 38.355297680096534
2.8885738458531036, 2.915397607150454, 2.9423893785387287, 38.34707910648774
2.9691093662535977, 2.744181595345735, 2.786629272484751, 35.85778014226347
2.9593026078306246, 2.8736490757997237, 2.7633867773519545, 36.83170162608387
2.836650022304682, 2.728933129539687, 2.7515451868590466, 34.01139736064057
2.7736916885174874, 3.0392631616920145, 2.9167039696086876, 38.178371917355456
2.979376682330733, 2.9038493597037442, 3.0623301500471514, 40.359153455369984
2.9398462098150437, 3.016679723507281, 2.960008121654386, 40.06600055532031
2.9892415733230835, 2.997074082337534, 2.922008431526656, 39.983071587750246
2.948087313000167, 2.9892742491062436, 2.9606784555423813, 39.87919209746256
3.0115233256890352, 3.0695918015163755, 2.906112624476467, 40.78007829981694
2.875024347175948, 2.8416877255772057, 2.958685332515972, 37.630276820900264
2.894354728514585, 2.8248482357582496, 2.8930864372498215, 36.99282223760259
3.043986572344887, 2.8684348535508217, 3.0576852288123892, 40.60713792634443
3.0814836557865757, 2.809576584587365, 2.8459507082448914, 38.25263584463467
2.9544051687259247, 3.0290764150782783, 2.833960920904243, 39.06507580513582
2.8374543063324507, 2.9480035929758364, 3.084950542260159, 39.60008526836815
3.0271763799768046, 2.8981063525527686, 3.0577787440360296, 40.737994712783866
2.95343738561877, 2.8683014399495637, 2.973517834940117, 38.84097636877223
2.9436720159848826, 3.101775035903482, 2.9033101874217917, 40.39148726575916
2.9999553382713118, 2.939362390705096, 2.9899409618082156, 40.19453223014771
3.1056882302095605, 3.0737180286135737, 3.152299811639676, 44.25965727740212
3.101535614017331, 2.9187073773959575, 3.161168800684715, 42.74153325351519
3.047073050329768, 2.844748699484048, 2.926982860876848, 39.07883445142085
3.0845750989761176, 2.936401309835872, 2.9629478956803204, 40.74671014638698
3.0065582427070496, 2.919050698575528, 2.9042031922325195, 39.190021550657555
3.183576585107358, 2.8895667504701263, 3.082961290522253, 42.48590531413876
3.1647811967021946, 2.9343471622613317, 3.0286485322249157, 42.19976657766103
2.9951324780700883, 3.140536064252874, 3.0285546850926996, 42.567911388037
2.9211419013218336, 2.9777547350326588, 2.9014510686638237, 38.89240106079108
3.0985125941728286, 3.1567499171443147, 2.947651429769429, 42.95872667764215
2.9728884656475345, 3.081215290268109, 2.9953270922637087, 41.40839240585205
3.1106728065684384, 2.9971332073291963, 3.1263380234264617, 43.274182195192886
3.149372943362944, 2.914578871410665, 2.9490034804000236, 41.03995247650135
3.0436138502784846, 3.079721149280224, 2.96157513535205, 41.76676903950261
3.183894684274507, 3.1287242432415514, 3.2095894616443372, 46.18392312283228
3.2453287753831965, 2.965289633207945, 3.1183110790534827, 44.23161098630934
3.256247748700456, 3.231861997932015, 2.982127904993868, 45.65896617804384
3.1963760884269745, 3.1410182443470616, 2.9972225180862617, 44.289059099598965
3.097928626003843, 3.170135016979791, 2.991837570279731, 43.534355689528944
3.041162841207225, 3.2708001161787634, 3.1333673327838176, 45.40737666838188
3.261393311778924, 3.1724523727249787, 2.9660247720101416, 44.9481864294348
3.008495680555285, 3.193835016607969, 3.087250283687975, 43.834151321729586
3.2843362852990676, 3.009209688186902, 3.0210416423007778, 44.08674359380553
3.054939713723101, 3.2402984725830417, 3.243436021998893, 46.35024452833369
3.1042457087273077, 3.274888717562117, 3.121402193325079, 45.965016359742464
3.241290095126328, 3.035461092481293, 3.3, 46.966479261301174
3.058536167088027, 3.0699475301427994, 3.236672962104022, 44.59754201348333
3.181938953156644, 3.3, 3.2926946232278813, 48.98954228360603
3.3, 3.3, 3.1438122467436496, 48.813670996529986
3.0375192198318066, 3.2099219930892797, 3.1882513789032343, 45.31002618004364
3.3, 3.211891087464759, 3.2456841485325945, 49.054748402365114
3.1948111633232377, 3.063264382963373, 3.1952289154577667, 45.48792385600382
3.1619808114033314, 3.086519487611097, 3.2394163967368543, 45.837542381326095
3.070483376309934, 3.1570901381074323, 3.3, 46.600854071255746
3.0793800967319287, 3.110498006137217, 3.131993517885216, 44.16031940155921
3.3, 3.2909060471329963, 3.164652216475193, 48.911127003340674
3.1533607814447517, 3.0951682285492264, 3.2731788021509836, 46.178866789343054
3.2965316512136513, 3.2071296769916633, 3.1731468509258236, 47.7455371629408
3.150709231034612, 3.3, 3.3, 50.333365468533096
3.3, 3.2179999485515656, 3.2292535840356753, 48.97732709126194
3.3, 3.17849425486659, 3.3, 50.28275539495717
3.3, 3.250811379286874, 3.3, 50.031166492653604
3.3, 3.2597023145751765, 3.3, 50.389007366949464
3.3, 3.251040262810063, 3.3, 49.7015090796925
3.2971916189297605, 3.3, 3.3, 52.836440433019106
3.182236620888947, 3.141650037531765, 3.3, 48.70266798454955
