0.917623733236, 0.904839994352, 0.931035497564, -22.2111
0.960279618804, 0.976246710168, 0.792462507009, -22.4396
0.905302197867, 0.943355559255, 0.88419179158, -22.4057
0.882606874004, 0.831367412502, 0.794081590224, -24.6949
0.820028199988, 0.851656903574, 0.91393791009, -23.9041
0.952196715715, 0.919024866871, 0.950864407262, -21.5212
0.949451415303, 0.958698193506, 0.833887112243, -22.3129
0.807234466576, 0.988446699681, 0.942500322752, -22.3295
0.980261975577, 0.968729835243, 0.992661110578, -20.3081
0.890835154675, 0.813220776865, 0.937946880382, -23.356
0.80458720507, 0.826172430218, 0.85742383293, -24.8889
0.911679472621, 0.900231751952, 0.913161426948, -22.4974
0.805300593554, 0.933390690582, 0.94026744809, -22.9407
0.833227729418, 0.813037708655, 0.987592047167, -23.4326
0.916759048107, 0.849086554558, 0.84446703869, -23.6658
0.854601234287, 0.867334767445, 0.830189030551, -24.2389
0.889058517366, 0.956640898514, 0.943018538099, -21.8392
0.923387259643, 0.986300392502, 0.993947504975, -20.6793
0.856209989997, 0.974907808708, 0.901213442213, -22.3969
0.89161583661, 0.928402883599, 0.889770511337, -22.6406
0.834432002105, 0.905028253656, 0.966804946918, -22.6778
0.922849791642, 0.952675211337, 1.02090572582, -20.7618
0.935844937181, 0.960716096133, 1.00164788047, -20.7427
0.930849253346, 0.875870233368, 1.03557336423, -21.3294
0.885518854193, 0.963440285291, 0.964221791571, -21.5911
1.03121205204, 0.886827833491, 1.00391537995, -20.5353
1.00153341138, 0.905440600221, 0.862689135828, -22.0563
0.864097068786, 0.922986348805, 1.03197383143, -21.5424
0.865091829509, 0.879847551989, 0.93710928882, -22.9314
0.969402548295, 0.910431921311, 0.922686497651, -21.7219
1.01816822952, 0.938387694028, 0.937942131695, -20.7943
0.975663981341, 0.938469847421, 1.06342935082, -19.9562
1.03006522446, 0.962961873811, 0.954855583719, -20.2518
1.03455578522, 1.04518224968, 1.0472710661, -18.4285
1.01874918093, 0.948499375436, 1.06104668564, -19.4476
1.07615678785, 0.98972839839, 0.937793729489, -19.6876
1.05559745694, 1.02037706639, 1.07939615673, -18.1531
1.08593792207, 1.10214566793, 0.983980122847, -17.9636
0.968606958787, 0.955111632187, 1.01766375647, -20.3138
1.02049461822, 0.937661572209, 1.09302588789, -19.2212
1.09925016333, 1.10394043724, 0.942089200291, -18.2332
1.07117823896, 1.12124459959, 1.00302997323, -17.7216
1.11108797223, 1.01086120224, 0.969056664086, -18.8075
1.15402709249, 1.07383980234, 1.08146125989, -16.5999
0.995340508687, 1.00308528301, 1.11806233558, -18.5433
1.05676192459, 1.15281031164, 1.02850645736, -17.2826
1.14468855489, 1.08530279941, 1.02112959231, -17.1801
1.16057842279, 1.1014861794, 1.16027281804, -15.4573
1.1044038047, 1.10478992327, 1.01012380194, -17.4899
1.06325205084, 1.16440576048, 1.14286495565, -15.9497
1.0896122958, 1.1440589955, 1.11155657521, -16.2123
1.12551949104, 1.15448380591, 1.14674449959, -15.3938
1.22541313929, 1.12272448813, 1.09695744574, -15.2283
1.05398761271, 1.12526894979, 1.05802816411, -17.2987
1.20692367332, 1.21085928915, 1.11045109408, -14.3651
1.21381971416, 1.09417381841, 1.13854658088, -15.2213
1.16085965131, 1.21281799078, 1.09728405246, -14.9354
1.17832540152, 1.15265119512, 1.1498622861, -14.856
1.1260529007, 1.22885262965, 1.23621464414, -13.7207
1.11762287454, 1.21527334814, 1.26741162458, -13.6317
1.21973798018, 1.2899270217, 1.22248448987, -12.2945
1.24910157108, 1.28122742176, 1.21629395874, -12.1545
1.28640611915, 1.31275574112, 1.28924059175, -10.7246
1.19765241114, 1.31006618801, 1.17685975108, -12.7642
1.33285236108, 1.30496521458, 1.21709371133, -11.0676
1.23488399399, 1.24554360564, 1.32529273815, -11.5705
1.26280498018, 1.22394365398, 1.23660480446, -12.4068
1.31547593605, 1.34983958144, 1.26797200468, -10.2653
1.28148442237, 1.19833005798, 1.27592551801, -12.091
1.33025526908, 1.21658862407, 1.26752419785, -11.5012
1.32776213891, 1.2654207383, 1.28974553468, -10.7977
1.23063431319, 1.34078968432, 1.32981630292, -10.5821
1.38291421063, 1.42804366194, 1.37950724734, -7.66522
1.33592377674, 1.40333726448, 1.26292854551, -9.5591
1.34513767604, 1.27102355444, 1.38408494491, -9.61944
1.31440470312, 1.28629730104, 1.27616747055, -10.851
1.31588513024, 1.45521226506, 1.46002437093, -7.24256
1.34145121311, 1.38454563368, 1.43523752792, -7.9681
1.36813971254, 1.49286677954, 1.44053191507, -6.52884
1.48094774774, 1.33849141203, 1.41184944031, -7.29132
1.50670617883, 1.33787678644, 1.47186168586, -6.4387
1.37402602217, 1.53591358436, 1.46070878271, -5.82234
1.54813553065, 1.47659967436, 1.35431986694, -5.77184
1.53874123926, 1.40430558263, 1.50522509787, -5.09771
1.3827030789, 1.4256933986, 1.5709400616, -5.76919
1.47538993076, 1.55189675139, 1.39950495635, -5.26302
1.41416747427, 1.53126361323, 1.5250489371, -4.82488
1.52440640687, 1.44561752834, 1.58891743155, -3.97253
1.54185591134, 1.62461345408, 1.57393331841, -2.09775
1.57133744011, 1.5865166853, 1.54874810596, -2.4514
1.64076380122, 1.55553720678, 1.59107258267, -1.65601
1.4756700646, 1.60880193226, 1.4838803278, -3.82424
1.64942474825, 1.5470618188, 1.48801119483, -2.69249
1.55914708092, 1.61394914476, 1.49947679173, -2.78373
1.53372908009, 1.65708850383, 1.58198137873, -1.76185
1.70116598133, 1.56582385573, 1.67748776006, -0.0807495
1.62874627496, 1.53961474772, 1.59190927143, -1.9319
1.63808649883, 1.68311414271, 1.67319944095, 0.46183
1.63048895109, 1.59030315975, 1.6723488833, -0.582397
1.61257870232, 1.6104143128, 1.69544511294, -0.320625
1.7352141561, 1.72153752815, 1.59559945468, 1.04648
1.66000936292, 1.7527960845, 1.65177190717, 1.18562
1.66096514702, 1.78746008075, 1.65100571729, 1.54601
1.67719370626, 1.78442765338, 1.66593780595, 1.82608
1.83879215615, 1.6767477834, 1.64668405828, 2.12681
1.6758476517, 1.82161672741, 1.7013269901, 2.55278
1.78038140073, 1.68850180092, 1.67858829133, 1.98758
1.75269506194, 1.818360346, 1.85632800358, 4.84035
1.74271524321, 1.83192700596, 1.71480836551, 3.46019
1.75351929116, 1.77430642649, 1.76373164931, 3.46294
1.79657501497, 1.82956381258, 1.78273799176, 4.65385
1.86287293512, 1.91528401024, 1.78393655405, 6.21232
1.81555142714, 1.85481633778, 1.92762343287, 6.5589
1.87608730644, 1.80674933731, 1.81431703957, 5.52616
1.95567715401, 1.83378653853, 1.88280818383, 7.28562
1.95112162937, 1.85011308549, 1.86341528071, 7.21443
1.86276301879, 1.98667307388, 1.97618687203, 8.88037
2.01468773939, 1.89029931247, 1.89314915131, 8.56125
1.97529592654, 2.03948681147, 1.99804544059, 10.766
1.92152961506, 1.92545493607, 1.86382188315, 7.70344
2.04305303766, 2.04735029546, 1.9185646108, 10.7234
1.92719057728, 2.01003876631, 1.98019706676, 9.80343
2.07096202132, 2.00026103582, 2.0545431484, 11.8795
1.93734752412, 2.07553147618, 2.04220383709, 11.2047
2.108925233, 1.93299106491, 1.9439332836, 10.4506
1.97477873561, 2.11072080847, 2.08131932053, 12.334
2.03493027223, 2.02984161337, 2.10527836882, 12.3365
2.06758745539, 2.14602784329, 2.00840634811, 12.8905
2.1774414896, 2.05219361923, 2.174807364, 14.684
2.13766931319, 2.04052807411, 2.00754505834, 12.4878
2.04397535959, 2.04707328842, 2.20370311379, 13.5931
2.11145700675, 2.11703168678, 2.22352347158, 15.1873
2.17065903898, 2.0586377042, 2.20195865302, 14.9558
2.08116212345, 2.20674197707, 2.16191274506, 15.1952
2.23330996008, 2.27241709636, 2.21698744962, 17.9416
2.25436200271, 2.21698897392, 2.22046104075, 17.6126
2.17178565087, 2.28503185933, 2.22169312253, 17.5071
2.17290883817, 2.23506009923, 2.21568784814, 16.9411
2.26896165741, 2.17570408335, 2.33182608359, 18.4492
2.30555525125, 2.20617246567, 2.30423674605, 18.8514
2.35025998641, 2.17011319218, 2.300624535, 18.8869
2.26826205794, 2.35256873373, 2.30739093628, 20.0264
2.22656269048, 2.32235316486, 2.23791360914, 18.6012
2.34745061853, 2.28667717475, 2.39737122056, 21.0364
2.30161721213, 2.39612742765, 2.28843526141, 20.6185
2.34462331891, 2.37435010492, 2.36475783683, 21.5876
2.3845698848, 2.28535763668, 2.39493978242, 21.3676
2.38644880255, 2.37651068458, 2.28658687505, 21.2411
2.29149690679, 2.33361481323, 2.30857069204, 20.0734
2.32622573234, 2.33174503609, 2.45072160005, 21.8271
2.31729941536, 2.41738189179, 2.39103756698, 22.0248
2.39698612747, 2.48358539485, 2.51346258678, 24.732
2.4275125163, 2.49758239118, 2.37419388836, 23.782
2.40655836857, 2.37888911998, 2.52509763471, 23.8611
2.40059808171, 2.47401972922, 2.53873769935, 24.9228
2.43305534365, 2.47294628583, 2.51213705791, 24.9676
2.39771653455, 2.4649669873, 2.5729374443, 25.144
2.53691093309, 2.5575208304, 2.43836295821, 26.135
2.50576804136, 2.54181340099, 2.5483377084, 26.767
2.46407924105, 2.46105614378, 2.58236207842, 25.8585
2.55368597029, 2.57887332475, 2.45922790392, 26.7323
2.49256671416, 2.62635347459, 2.52580147907, 27.2839
2.58699645255, 2.64372004305, 2.53069035981, 28.4522
2.59176024075, 2.5476624293, 2.52424713193, 27.4413
2.49153271009, 2.57798697699, 2.58864923618, 27.4044
2.65097725663, 2.65108565039, 2.62660447797, 30.1283
2.57240363342, 2.52435030453, 2.68053045357, 28.577
2.62500164404, 2.55872956628, 2.61064421713, 28.7541
2.66933032899, 2.73636741077, 2.67062535311, 31.6352
2.72844620041, 2.66047170635, 2.5929027511, 30.6578
2.60187560546, 2.74072896699, 2.69651082917, 31.269
2.6577777018, 2.6430961772, 2.73197874076, 31.1715
2.65602196854, 2.63562331921, 2.67377789482, 30.4923
2.63959761393, 2.60312129832, 2.62246169529, 29.4773
2.65001350252, 2.66085050701, 2.68137957299, 30.7698
2.7954403611, 2.69784500077, 2.67146449285, 32.5
2.83367333253, 2.6703464464, 2.6952913118, 32.8352
2.68239015549, 2.6789050871, 2.66769519919, 31.1413
2.75447089234, 2.72603090372, 2.80225901875, 33.6974
2.81999200115, 2.81829345568, 2.75745520578, 34.8538
2.85473475056, 2.85009458142, 2.81840636195, 36.1406
2.7339620403, 2.72082083687, 2.79075661092, 33.3239
2.76333752111, 2.76481018515, 2.88360022688, 35.0036
2.73141805572, 2.79194734789, 2.86612600274, 34.7912
2.79158277987, 2.83767413431, 2.76452550729, 34.8426
2.92652401834, 2.80765670375, 2.76977076721, 35.9275
2.86840291261, 2.83938001846, 2.82497684893, 36.2317
2.95366828138, 2.8234422816, 2.84134441279, 37.0797
2.88036540488, 2.96200273329, 2.93162427289, 38.6902
2.84596124191, 2.93421308154, 2.8568485668, 37.3095
2.97532871957, 2.95883536797, 2.97722093587, 40.0603
2.82064363916, 2.82179983623, 2.91113395194, 36.4399
2.83589535403, 3.0020953998, 2.95621155675, 38.9094
2.90393567249, 2.89499466762, 2.93378062635, 38.2533
3.00004904422, 2.97463920499, 2.86986823972, 39.3917
2.96453043402, 2.97845328452, 2.88591561756, 39.2389
2.90094057556, 2.9144597236, 2.94351484776, 38.5226
2.94963947087, 2.96452414959, 2.97088008113, 39.7998
2.87403843952, 2.95097705268, 3.00780462681, 39.2783
2.87590819339, 2.98503465468, 2.90405105003, 38.6072
3.02271891165, 2.9133237504, 2.98899624569, 40.1793
3.05497568526, 2.93749255772, 2.97990530178, 40.659
3.02976754863, 3.03146034243, 3.04072122072, 41.991
3.08296018966, 2.9674433088, 3.07415164378, 42.1937
3.09570554745, 2.96808034968, 2.97363520184, 41.3177
2.97882059439, 3.04578836761, 3.00774934215, 41.3011
2.98307046735, 3.04382198203, 3.10486985231, 42.2984
3.07121373356, 3.00534092018, 2.98064488161, 41.5299
2.95004662477, 2.99016738256, 3.00210552319, 40.3827
3.0135968802, 3.06540737027, 3.01582286691, 41.9312
3.10440304322, 3.1407957077, 3.11861777372, 44.6469
3.01084490769, 3.08881996041, 2.97677696153, 41.7539
3.00261905831, 3.00738751756, 3.02691568398, 41.3331
3.07862720052, 3.12724876234, 3.023771527, 43.2978
3.12373438239, 3.07749502298, 3.0133040583, 43.1268
3.07952269909, 3.02255139975, 3.04602938259, 42.4472
3.03474445093, 3.12888756343, 3.13862485015, 44.0315
3.18885586964, 3.1484252268, 3.05253164989, 44.9025
3.13065142822, 3.05628335647, 3.0413175495, 43.2576
3.19017276193, 3.18637020208, 3.03805878885, 45.1628
3.11574971381, 3.21584869432, 3.13574509747, 45.7082
3.08348074019, 3.21187368651, 3.04439858935, 44.4286
3.13018234828, 3.11043678382, 3.15486561353, 44.9534
3.15452588263, 3.15248400805, 3.07724672644, 44.8511
3.06583029596, 3.0609402347, 3.13541577004, 43.6057
3.11715670486, 3.21104170902, 3.05984010169, 44.9102
3.0879418696, 3.14693497492, 3.1424905084, 44.7864
3.18809391802, 3.16082491005, 3.07385095732, 45.2373
3.13208490867, 3.10760636714, 3.16782947665, 45.0732
3.20602517271, 3.10908576881, 3.21483151449, 46.2963
3.25519188956, 3.25113598953, 3.20645744041, 48.1709
3.08197143924, 3.07696751007, 3.17945879013, 44.3744
3.16434969127, 3.09039751646, 3.20995167813, 45.6393
3.18533616223, 3.15938543634, 3.18427374247, 46.3039
3.25219706515, 3.08467306399, 3.12008249183, 45.5517
3.10884604273, 3.17014470151, 3.11489758013, 44.9574
3.09159389048, 3.20564532081, 3.183555246, 45.8424
3.15316736448, 3.15318305941, 3.161866352, 45.6946
3.10846856062, 3.22386150548, 3.27012576439, 47.0681
3.18836284652, 3.17974275287, 3.27601244319, 47.4659
3.25433648977, 3.16295667589, 3.17610542713, 46.9454
3.15644385749, 3.10059650274, 3.17855287643, 45.3508
3.22623885069, 3.26556080422, 3.12691307587, 47.2332
3.10286165409, 3.19498795531, 3.23639879467, 46.375
3.14367179793, 3.27472878998, 3.29606740572, 48.2051
3.1831554928, 3.29318991947, 3.27725754589, 48.6001
3.21856344576, 3.27582350335, 3.11658724372, 47.1593
3.12483231468, 3.16016652318, 3.20753940196, 45.9436
3.17479329025, 3.23062578263, 3.11331756406, 46.2233
3.13457925914, 3.14549320239, 3.17802981012, 45.5924
3.21005879462, 3.10967522678, 3.24686449927, 46.6642
3.16179154739, 3.21660711873, 3.10713330823, 45.8868
3.12771260866, 3.28268107877, 3.17579017744, 46.9207
3.25854012074, 3.2038316549, 3.19764241499, 47.6263
3.16115614932, 3.19192222866, 3.10290158904, 45.5827
3.16828745785, 3.23556879992, 3.10623138621, 46.1386
3.15894832426, 3.14963217966, 3.21492290993, 46.2482
3.26426235665, 3.17911979473, 3.20611659243, 47.5127
3.11395296084, 3.21506653748, 3.18214960233, 46.1482
3.12252465294, 3.11036843933, 3.18026013238, 45.1315
3.20400678027, 3.15329781453, 3.14937103114, 46.0762
3.22057863621, 3.12179057001, 3.09102342514, 45.3292
3.23740099217, 3.0905593222, 3.15432294753, 45.8092
3.12717983946, 3.27238602019, 3.26797145351, 47.7347
3.10669298886, 3.09880179727, 3.27453954204, 45.8011
3.15721819232, 3.21293023603, 3.19785451203, 46.7144
3.12655940792, 3.13388371528, 3.10958219067, 44.7051
3.24625503357, 3.08735825654, 3.16458821584, 45.9673
3.22531387881, 3.11325585862, 3.22312891979, 46.6147
3.22072225413, 3.17755499585, 3.07499115542, 45.7465
3.11876461698, 3.08913827037, 3.23742059808, 45.4485
3.18428728101, 3.15666966613, 3.19395568251, 46.3626
3.12556468674, 3.1640086906, 3.18685275777, 45.7828
3.20851432591, 3.10426397295, 3.12771551629, 45.3963
3.17595486655, 3.24387457485, 3.24128084279, 47.657
3.18648176857, 3.24297929649, 3.06291693041, 45.9613
3.13835580893, 3.16223667996, 3.09486085891, 44.968
3.03852190693, 3.16934384066, 3.21667252383, 45.2714
3.12597953565, 3.17950032873, 3.08349943346, 44.9093
3.19837193749, 3.17507736995, 3.15251603474, 46.277
3.04553227076, 3.16092968749, 3.10944114513, 44.1772
3.11470755983, 3.19252000807, 3.04544695753, 44.5497
3.18262310818, 3.06737397474, 3.16834805737, 45.1651
3.137486042, 3.12295570718, 3.02085442686, 43.8098
3.02041143809, 3.17883704505, 3.04995097263, 43.5151
3.10709172864, 3.1663225088, 3.04450314607, 44.1934
3.11860641506, 3.0077019587, 3.01911344421, 42.4122
3.12698562073, 3.14053466635, 3.13204093214, 45.0037
3.0420147433, 3.07031749598, 3.12376370181, 43.3487
3.1206540904, 3.10044785033, 3.01106445094, 43.3111
3.11149456495, 3.13023956069, 2.99537912061, 43.3707
2.96856667532, 2.95269808013, 3.14856268012, 41.6502
3.01385184897, 3.11986283528, 3.12678402062, 43.6113
2.97037370518, 3.07873530306, 3.01294393682, 41.61
3.09620717698, 3.06805367404, 3.09772191815, 43.603
2.95002647134, 3.01806322272, 2.94405279416, 40.0881
3.09171864792, 3.01770206231, 2.92222220834, 41.2751
2.9103930433, 2.90826295628, 3.0632995889, 39.7554
3.07385187137, 3.02710961825, 3.08179426739, 42.7971
2.920684133, 2.94882335647, 3.01150808254, 39.7573
2.88205035206, 2.93103424241, 2.91975986043, 38.2675
3.04688532645, 2.91001030224, 2.93029663355, 39.796
2.88025506406, 2.95516930109, 2.9881137418, 39.1857
2.99834905358, 2.87120561727, 2.90137690308, 38.6212
2.95841092859, 3.00994082813, 2.99145391411, 40.5635
2.9161233401, 3.02393619017, 2.97106337658, 40.0828
2.90223967558, 3.00614371906, 2.99085999991, 39.9594
2.85739548264, 2.83713138656, 3.0049339954, 37.9061
2.88480122083, 2.96273756051, 2.92219745039, 38.6473
2.90274791775, 2.95593674191, 2.82108227693, 37.7401
2.97427754876, 2.82123544685, 2.84904165946, 37.3392
2.80526982857, 2.82115476618, 2.80140239908, 35.1782
2.87111471995, 2.82696674129, 2.93087508274, 37.1938
2.87667300513, 2.80165654146, 2.89133487818, 36.5902
2.91509364057, 2.92184665506, 2.89821014437, 38.2848
2.93143230531, 2.83641904856, 2.86279527606, 37.2081
2.92283127857, 2.76081964084, 2.76093526106, 35.3175
2.85984426003, 2.77499156102, 2.84270043567, 35.6585
2.8720464728, 2.89731823012, 2.82023333156, 36.8197
2.83114341825, 2.76082183259, 2.76863406144, 34.4825
2.85217878341, 2.76142699435, 2.84832221967, 35.4983
2.68941405943, 2.80589983518, 2.86083952238, 34.4645
2.76433740743, 2.8458598347, 2.79401651818, 34.9523
2.70781589997, 2.65642079543, 2.76077655789, 32.0965
2.69292208707, 2.81192212122, 2.79872971768, 33.938
2.69349973004, 2.76233751084, 2.76255837397, 33.0676
2.72430612787, 2.71204889138, 2.64317397181, 31.655
2.77844678395, 2.77195476091, 2.79012746338, 34.2892
2.64157656316, 2.74250200335, 2.61540496946, 30.8679
2.66746843842, 2.7550871785, 2.73056590927, 32.4122
2.58404549329, 2.61808722543, 2.61604271397, 29.0149
2.68728694532, 2.67732634596, 2.69092656507, 31.407
2.71923905955, 2.73908098334, 2.61183677752, 31.5695
2.67679420872, 2.61507343671, 2.5290247533, 29.0327
2.63810223216, 2.66557195882, 2.52151526148, 29.0947
2.62176993196, 2.61844929025, 2.57704806342, 29.0024
2.57716595089, 2.54979022798, 2.62371159195, 28.3169
2.50938568599, 2.67443313958, 2.61063358755, 28.8005
2.54527222827, 2.64125120183, 2.47901549455, 27.4926
2.48112848208, 2.61562481004, 2.46641205411, 26.4627
2.55508773146, 2.55949074367, 2.62523365626, 28.2129
2.46438042574, 2.50021397108, 2.55044761903, 25.9461
2.4535245816, 2.55682024548, 2.55746947296, 26.4941
2.49025091864, 2.54880567181, 2.4021836523, 25.2172
2.39286227118, 2.40085177985, 2.43676543535, 23.0649
2.50299471416, 2.52733693141, 2.44261780815, 25.528
2.52900108825, 2.41059289185, 2.4959595773, 25.1148
2.537281774, 2.3767646359, 2.36187252255, 23.5007
2.48989300247, 2.39233122738, 2.35808433406, 23.1521
2.40482817348, 2.36882765414, 2.44956451345, 22.9812
2.40307557443, 2.46194434554, 2.5013853175, 24.4475
2.39154967725, 2.40881640365, 2.44033233455, 23.1701
2.30531182617, 2.34301132153, 2.28555120541, 20.0769
2.36171540805, 2.36906127722, 2.30082120632, 21.0609
2.34314759933, 2.27930186891, 2.4308779024, 21.2537
2.39056729043, 2.35437394462, 2.41676585938, 22.3604
2.27545967385, 2.34941872632, 2.23909809495, 19.3796
2.26521622055, 2.32723701697, 2.35851095822, 20.2474
2.248959135, 2.28160058927, 2.30411258534, 19.0673
2.24367462759, 2.19867604172, 2.24518878156, 17.5651
2.27791394603, 2.35179227646, 2.32423177291, 20.2835
2.25346088378, 2.24403745921, 2.27206254727, 18.4016
2.17463342873, 2.17968496029, 2.32922816098, 17.5256
2.13352071124, 2.17208039364, 2.18003380063, 15.5396
2.12304402468, 2.26734069063, 2.19369410402, 16.558
2.25033261964, 2.1102912468, 2.18505513262, 16.1132
2.13567633256, 2.26029757164, 2.18140922197, 16.4874
2.08637526379, 2.17375713409, 2.11813855944, 14.4662
2.12615542338, 2.11175025574, 2.24427665863, 15.4874
2.04974435849, 2.14661672603, 2.13796560233, 14.0201
2.03492920277, 2.04932038474, 2.09452837507, 12.43
2.06136049255, 2.10141374193, 2.0923094947, 13.2096
2.0067403969, 2.17400574321, 2.18561362607, 14.354
2.1679998101, 2.11670690621, 1.99879957785, 13.4898
2.12564993642, 2.03739428855, 2.08289746193, 13.0925
2.12935546058, 2.07687155807, 1.97054664278, 12.4095
2.01333051634, 2.0463861611, 2.08790258122, 12.1182
2.02696904205, 2.00990628667, 2.06588682525, 11.6554
1.99696414031, 2.06293518181, 2.06473718353, 11.8939
2.00186061849, 1.97331422678, 1.95561107684, 9.91964
1.97372802217, 2.00468404521, 1.9693040496, 10.1017
1.93526198204, 2.04567140293, 1.94534270887, 9.90233
1.99802649555, 2.03670667582, 2.01862307131, 11.17
1.89429050118, 1.88731666246, 1.93788957693, 7.78169
1.98948854937, 1.83887642228, 1.89938667113, 7.8412
1.94119385909, 1.82516089066, 1.83918257381, 6.61417
1.85321803614, 1.9614138549, 1.93326298877, 8.09304
1.81591244668, 1.88225038791, 1.83625764132, 5.92875
1.76346801743, 1.82986881281, 1.88274597669, 5.3319
1.78529669986, 1.91956453774, 1.90916979943, 6.74232
1.84096379358, 1.91668765268, 1.7929830611, 6.09968
1.73500836986, 1.72810188192, 1.86936266262, 3.86158
1.75878200027, 1.73327349371, 1.8666080603, 4.12397
1.83277201081, 1.87708759544, 1.7778831792, 5.45689
1.75720564099, 1.79453776953, 1.72625724818, 3.33257
1.77821882517, 1.84760117482, 1.81734917628, 5.00536
1.71388561442, 1.71612060219, 1.71022531761, 1.92934
1.69162169666, 1.73689093132, 1.75804268101, 2.40285
1.6816449009, 1.8086415759, 1.63932773892, 1.85362
1.69869281358, 1.68533694185, 1.68523096763, 1.20871
1.64256028829, 1.6395756521, 1.70874302287, 0.412903
1.60655690664, 1.72634759567, 1.64304289349, 0.29248
1.6664321952, 1.63151641448, 1.68643884469, 0.343086
1.68708042601, 1.69843645555, 1.60950757531, 0.468224
1.71689377137, 1.71198879766, 1.70067672674, 1.82063
1.524226974, 1.67429336706, 1.69179458789, -0.57563
1.66088820142, 1.55931995201, 1.5194110272, -2.13628
1.67863187574, 1.61588577701, 1.51522828631, -1.41658
1.60412163957, 1.59230290705, 1.56525274435, -1.89958
1.50373232373, 1.65491611029, 1.5904071427, -1.99819
1.56822154184, 1.4873420972, 1.58666550855, -3.12754
1.59838736002, 1.45324919929, 1.53846024083, -3.66415
1.60032745216, 1.48801973375, 1.54829104674, -3.18643
1.50387672064, 1.44934738833, 1.54710804642, -4.55809
1.59480244641, 1.52391495957, 1.52212453857, -3.13287
1.50930177008, 1.5004186166, 1.39712524229, -5.48199
1.40562203256, 1.5656156042, 1.42054684037, -5.60401
1.53296712491, 1.39826986905, 1.44094048944, -5.86318
1.41368452424, 1.46915304708, 1.52109199247, -5.51193
1.41470762075, 1.41083796806, 1.46151203749, -6.70332
1.44131628561, 1.51069938321, 1.39335321597, -6.09001
1.34400465746, 1.35297946717, 1.39312312106, -8.69215
1.31379950706, 1.30590850011, 1.47052076676, -8.70238
1.37075695816, 1.38141868978, 1.48017268531, -7.25758
1.28329922952, 1.41684855622, 1.4212382591, -8.35316
1.34908211732, 1.4235522177, 1.26964710697, -9.15159
1.29699976428, 1.26953133198, 1.29982648333, -10.96
1.40694442698, 1.2861296845, 1.29241318227, -9.76878
1.37120135798, 1.38048690335, 1.33418127132, -8.7289
1.25198114621, 1.4114842232, 1.38879486387, -9.0461
1.32031622063, 1.24235527303, 1.21089722321, -11.9022
1.31746263325, 1.318375633, 1.22413841027, -11.0112
1.2897898872, 1.23547954517, 1.35680060304, -10.8119
1.29731041329, 1.37233586292, 1.30877712118, -9.80359
1.35479314742, 1.2548158677, 1.29094221787, -10.6264
1.26193825656, 1.25115188062, 1.33624185361, -11.1333
1.32232075239, 1.22410074899, 1.25455092808, -11.6327
1.29827325272, 1.20107163347, 1.21905438401, -12.4667
1.30140013195, 1.1816639499, 1.24213434457, -12.4046
1.1920418075, 1.23498999478, 1.15236189368, -13.8426
1.21742090978, 1.23217885283, 1.1523603336, -13.6192
1.22701657363, 1.20026830602, 1.22935905891, -13.0806
1.10119143487, 1.1789602799, 1.19550417028, -14.893
1.13956040377, 1.0878743195, 1.13154403693, -16.0957
1.25194389679, 1.14331914842, 1.16287235823, -14.0893
1.07978805257, 1.07249352835, 1.08589130623, -17.3081
1.10181080332, 1.18507182364, 1.21717597982, -14.606
1.22352530726, 1.15313542489, 1.1519102093, -14.3806
1.08545258796, 1.07455614562, 1.1000984827, -17.0877
1.11569816648, 1.07656238131, 1.09614224546, -16.8057
1.12801288179, 1.18440351105, 1.01312301189, -16.4013
1.01305069161, 1.14119630821, 1.0407475352, -17.7148
1.19005545075, 1.01202002094, 1.0405357011, -17.2919
1.05148894277, 1.15679312276, 1.10631241778, -16.5126
1.16130002833, 1.17470647187, 1.15866825066, -14.7088
1.03973171516, 1.07936431357, 1.10163299495, -17.4775
0.985398719728, 1.06150668446, 1.09238195272, -18.2958
1.04890516723, 1.00500725069, 1.01819037181, -18.9934
1.1394541374, 1.01846713299, 1.1184728899, -16.9461
1.11781352423, 0.956373318406, 1.03402579966, -18.6518
1.117886616, 1.01164692094, 1.04781677732, -17.9408
1.05145212454, 0.993644586041, 1.01952831325, -19.0721
0.965429895238, 1.02402872891, 1.06031551019, -19.2042
1.04054702513, 1.02640932755, 0.961436540464, -19.4251
0.945120566018, 0.988485713748, 1.09106140716, -19.4652
1.07737494468, 1.08513657325, 0.981698260383, -18.2477
1.02814167275, 1.08135217337, 1.08447156107, -17.7446
0.994335449649, 0.921764626308, 1.00369878696, -20.543
1.01671438975, 0.993660643104, 0.933181687639, -20.2848
1.06470360822, 0.991500628484, 0.931573312366, -19.8457
0.984223758165, 0.887553986485, 0.890804977348, -22.1312
0.98360993555, 0.917536863169, 0.888345073058, -21.8519
0.958316399993, 0.917737109375, 0.910786049862, -21.8761
0.986945468908, 1.05011959215, 0.918279243612, -20.1466
0.960359978818, 1.03165387151, 0.962763248454, -20.1554
0.894573781627, 0.85195586487, 0.985216545779, -22.4434
0.99684491646, 0.871860358946, 0.975469206428, -21.3178
0.873304761649, 0.915242308237, 0.899994284413, -22.8562
0.926855570285, 0.873923059337, 1.02678638002, -21.4775
0.850691093191, 0.984421140449, 0.956146159161, -21.8017
0.927790967745, 1.01679432885, 0.931138797915, -20.9508
0.982317647393, 0.843539684578, 0.948488588393, -22.0262
0.869674586189, 0.900136248896, 1.01470755303, -21.8966
0.853748568101, 0.880755730433, 0.884348180568, -23.5647
0.86308336811, 0.972617977501, 0.983611457042, -21.5247
0.826758013795, 0.953437791382, 0.973448316158, -22.1866
0.934843352834, 0.923841533493, 0.943191293211, -21.7211
0.932683906748, 0.901133634452, 0.8936676668, -22.4749
0.951760477961, 0.909899552313, 0.856577100874, -22.5668
0.823496452972, 0.846265482909, 0.994663790457, -23.1147
0.977060006489, 0.838468183684, 0.83760561068, -23.2445
0.850302294373, 0.824364558457, 0.977153808544, -23.2503
0.961321954242, 0.981196151479, 0.811424636106, -22.1876
0.950174596417, 0.812055770804, 0.948043282708, -22.6762
0.844571362393, 0.830453165328, 0.896305065118, -24.0563
0.933947152051, 0.938539187822, 0.939412817313, -21.616
0.933954466518, 0.86388621451, 0.79690356183, -23.8193
0.930242645567, 0.883614027352, 0.853548904245, -23.0833
0.963696663674, 0.968507554089, 0.844171375107, -21.9664
0.797566375465, 0.95740264996, 0.856098205197, -23.6146
